9.658555e+00 2.143897e+00 -1.248421e+00 -5.236920e-01 -4.372810e-01 6.900224e-01 -2.328778e+00 4.707994e-01
-7.574583e+01 2.148916e+01 -5.476713e+01 -5.320337e-01 1.438960e-01 -3.650004e-01 -2.097695e-02 2.184956e-01
1.017580e+01 2.092045e+00 -1.258185e+00 3.228393e-01 8.974178e-02 -6.501423e-01 -1.484235e+00 2.674819e-01
-1.201711e+02 1.018262e+01 1.127558e+02 -8.663392e-01 7.972268e-02 8.140957e-01 -1.208362e-02 7.098256e-01
1.007600e+01 3.777485e+00 -1.148102e+00 7.019082e-01 -4.626882e-01 3.220707e-01 -7.618706e-01 4.052425e-01
1.071058e+01 1.706666e+00 -5.940841e-01 3.031406e-03 4.675030e-01 3.520593e-02 -9.839927e-01 1.099039e-01
9.710253e+00 1.500276e+00 -7.232930e-01 4.517708e-01 -8.525652e-01 -1.137614e-01 -1.462155e+00 4.719529e-01
9.344553e+00 2.900218e+00 -9.564488e-01 -7.916636e-01 7.264063e-01 -6.914402e-01 -1.449718e+00 8.162434e-01
9.816655e+00 9.151712e-01 3.167213e-01 -1.680050e-01 5.840168e-01 -4.070933e-01 -7.177868e-01 2.675131e-01
9.682099e+00 2.013765e+00 -1.192647e+00 -1.891732e-01 1.092290e+00 -6.294269e-01 -2.224778e+00 8.125316e-01
9.715860e+00 2.036841e+00 -1.180579e+00 9.083121e-02 -9.333452e-01 -4.787170e-01 -2.228278e+00 5.542768e-01
9.758731e+00 2.275699e+00 -2.162767e+00 -3.207647e-01 5.443860e-02 -4.589788e-01 -1.136168e+00 1.582576e-01
-6.546105e+01 -8.758343e+00 -1.698463e+01 -4.115869e-01 -3.694629e-02 -1.174336e-01 -2.552617e-02 9.227973e-02
9.183187e+00 1.447936e+00 -1.034440e+00 7.469620e-01 -2.508293e-01 -6.973447e-01 -1.320308e+00 5.535786e-01
1.028532e+01 2.167007e+00 -2.990094e+00 -1.534040e-01 -4.980386e-01 1.021384e-01 -6.491001e-01 1.410038e-01
9.403077e+00 2.774957e+00 -1.286336e+00 5.491010e-01 5.511228e-01 -5.341700e-01 -1.542486e+00 4.452929e-01
8.894390e+00 2.210808e+00 -1.990409e+00 8.556267e-01 4.057715e-01 7.406909e-01 -1.053886e+00 7.226853e-01
8.978058e+00 5.668838e-01 -1.254775e+00 1.717667e-02 -1.777999e-01 -1.756893e-01 -7.458668e-01 3.138727e-02
9.317745e+00 2.509160e+00 -1.955443e+00 1.098964e+00 2.594750e-01 -3.245288e-01 -1.213252e+00 6.901842e-01
9.302335e+00 2.825836e+00 -2.515508e-01 9.002531e-02 1.017136e-01 7.006349e-01 -1.093080e+00 2.546698e-01
1.056768e+01 2.296595e+00 -3.898580e-01 -1.223435e-01 -2.195303e-01 6.793196e-02 -1.050671e+00 3.388811e-02
9.051528e+00 1.871090e+00 -1.069651e-01 -1.503229e-01 -2.104408e-01 2.444075e-02 -1.080879e+00 3.373981e-02
8.462176e+00 1.601247e+00 2.006327e-01 -2.366063e-01 1.661395e-02 -1.346497e-01 -7.551963e-01 3.719455e-02
1.913863e+01 -2.683795e+00 6.001589e-01 -2.197873e-01 1.141899e-01 -1.759133e-01 -1.419273e-01 4.614564e-02
1.201801e+01 -6.419808e+00 4.165163e+00 1.212434e-01 -1.373532e-01 -3.835063e-03 -1.505595e-01 1.679028e-02
-4.231755e+01 -2.489420e+01 -8.048423e+01 -2.766204e-01 -1.663503e-01 -5.425553e-01 -1.989305e-02 1.992787e-01
-7.648084e+01 2.296650e+01 3.295243e+01 -5.078501e-01 1.542798e-01 2.148130e-01 -2.131768e-02 1.639293e-01
8.906324e+00 1.960286e+00 2.165360e-01 1.934025e-01 -3.776615e-01 -3.859540e-01 -8.817728e-01 1.644966e-01
9.946108e+00 2.983309e+00 -6.583595e-02 -1.545700e-01 8.172236e-02 1.744613e-01 -9.332244e-01 3.050359e-02
1.079771e+01 1.772724e+00 -5.516617e-01 -1.351514e-01 2.349670e-01 -3.209992e-01 -9.446327e-01 8.825793e-02
6.636224e+00 -1.625041e+00 2.962412e+00 1.630725e-02 2.097187e-01 -7.452431e-02 -2.422635e-01 2.490086e-02
9.294566e+00 1.635443e+00 -2.008258e+00 -3.505217e-01 -9.448775e-01 1.652102e-01 -1.049836e+00 5.214767e-01
1.023412e+01 2.079552e+00 -1.099534e+00 3.440881e-02 -7.228021e-03 3.613004e-01 -1.460302e+00 6.588710e-02
9.338240e+00 2.458173e+00 -1.639321e+00 5.962041e-01 4.471056e-01 2.925931e-01 -1.532621e+00 3.204867e-01
-4.153685e+01 2.086552e+01 -3.194764e+01 -2.298571e-01 1.245622e-01 -1.993355e-01 -3.018523e-02 5.404235e-02
9.478906e+00 2.355617e+00 -5.579871e-01 1.762742e-01 9.299754e-02 7.148286e-01 -1.628415e+00 2.753505e-01
1.073352e+01 1.444905e+00 -1.011008e+00 3.501743e-01 5.321177e-02 3.591291e-01 -9.170074e-01 1.272136e-01
8.183133e+00 1.336225e+00 -4.407711e-01 5.094004e-01 -2.559992e-01 -1.266979e-01 -7.575992e-01 1.705384e-01
9.550657e+00 1.554822e+00 -2.483770e+00 1.596466e-01 4.958574e-02 -8.484575e-01 -8.220966e-01 3.739130e-01
1.078313e+01 1.760858e+00 2.078140e-01 2.984577e-01 -4.684208e-01 7.079655e-01 -7.446776e-01 4.048551e-01
-2.209805e+01 -1.982824e+01 -3.987724e+01 -9.773476e-02 -1.148583e-01 -2.043532e-01 -3.360634e-02 3.225238e-02
1.280673e+01 -3.290147e-01 -5.435269e+00 3.514639e-01 -1.544326e-01 2.587931e-02 -2.445952e-01 7.402301e-02
1.026689e+01 1.465266e+00 -3.845994e-01 1.605843e-01 -6.092500e-01 -2.895586e-01 -1.037155e+00 2.404085e-01
1.019332e+01 2.361865e+00 -9.467966e-01 -5.854909e-01 -7.914884e-02 3.152189e-02 -1.566584e+00 1.750289e-01
9.359155e+00 1.389110e+00 -6.026827e-01 -1.482564e-01 9.786465e-02 1.117970e-01 -1.244861e+00 2.202800e-02
9.254204e+00 -3.566975e+00 3.649546e+00 1.385791e-01 4.171109e-02 5.363489e-03 -2.072880e-01 1.048637e-02
-9.624228e+01 2.058766e+01 -1.583359e+01 -6.775055e-01 1.503812e-01 -1.179910e-01 -2.105422e-02 2.477751e-01
9.205325e+00 2.069882e+00 -5.278207e-01 -3.426725e-01 5.402579e-01 1.967633e-01 -1.479647e+00 2.240094e-01
9.723357e+00 2.175367e+00 -5.164702e-01 -4.262800e-01 4.805462e-01 -8.288696e-01 -1.605241e+00 5.498321e-01
-2.033007e+01 -1.064294e+02 4.547569e+01 -2.072801e-01 -8.110370e-01 4.116090e-01 -5.239670e-02 4.350840e-01
1.081265e+01 2.640888e+00 -7.546059e-01 -1.661269e-01 -1.118925e-01 3.535975e-01 -9.100016e-01 8.257464e-02
1.094992e+01 2.816645e+01 -4.658990e+01 9.112210e-02 1.550541e-01 -2.384344e-01 -3.349227e-02 4.459799e-02
1.043160e+01 1.410726e+00 -5.448312e-01 4.348430e-01 3.953266e-01 2.200007e-01 -9.972161e-01 1.968860e-01
-6.428327e+01 9.331657e+01 -9.632933e+01 -4.578461e-01 6.653323e-01 -6.934319e-01 -1.332469e-02 5.665689e-01
9.333454e+00 2.020436e+00 -4.258298e-01 2.083061e-01 -3.196254e-01 -7.791706e-02 -1.435365e+00 7.581144e-02
9.669547e+00 2.233797e+00 -1.181611e+00 5.933418e-02 -1.210965e+00 3.292426e-01 -2.395688e+00 7.891793e-01
4.516605e+01 -1.110869e+02 7.450565e+01 3.257505e-01 -7.890676e-01 5.305571e-01 -1.424460e-02 5.051160e-01
5.654329e+00 9.780065e-01 8.561565e-02 -2.622926e-01 3.062031e-02 -1.844866e-01 -3.437484e-01 5.188517e-02
7.950658e+00 2.444189e+00 -3.551188e+00 5.918874e-02 2.139051e-01 4.897088e-01 -4.685098e-01 1.445367e-01
1.023285e+01 2.421245e+00 -1.009832e+00 3.054174e-01 4.260102e-01 1.428980e-01 -1.526149e+00 1.475922e-01
-9.804042e+01 -1.207488e+01 5.930738e+01 -6.783816e-01 -7.742101e-02 4.101816e-01 -1.665565e-02 3.172223e-01
9.106016e+00 2.493697e+00 -1.003340e+00 9.064707e-01 -6.630551e-02 2.383621e-01 -1.568695e+00 4.414510e-01
-1.115360e+02 1.563511e+01 -3.335907e+01 -8.024468e-01 7.255705e-02 -2.292411e-01 -2.600486e-02 3.508685e-01
9.707722e+00 1.840907e+00 -7.536010e-01 -5.883217e-01 4.003473e-01 -5.076369e-01 -1.821507e+00 3.820478e-01
9.195659e+00 2.232999e+00 -1.296282e+00 6.345183e-01 6.386175e-01 1.524179e-01 -1.794725e+00 4.168385e-01
9.513417e+00 1.878622e+00 -1.168014e+00 3.148217e-01 6.452143e-01 -1.376272e+00 -2.131585e+00 1.204770e+00
1.147953e+01 1.103055e+00 3.872066e-01 7.663930e-01 -1.560212e-01 3.221619e-01 -5.279555e-01 3.577446e-01
1.057476e+01 5.312486e+00 -1.503402e+00 7.391507e-02 1.340506e-02 1.304935e-02 -4.263527e-01 2.906709e-03
8.844064e+00 1.882366e+00 -1.467492e-01 1.183532e+00 1.959289e-01 -5.154205e-01 -1.037648e+00 8.523972e-01
-4.075758e+01 3.814901e+01 3.325388e+01 -2.461453e-01 2.295584e-01 1.951895e-01 -2.705301e-02 7.569176e-02
8.075625e+00 6.885069e-01 -1.320912e+00 6.520170e-01 1.726065e-01 1.772515e-01 -6.278405e-01 2.431687e-01
7.959196e+00 3.955746e+00 -5.248779e+00 -1.158398e-01 -1.121924e-01 3.259666e-01 -3.025886e-01 6.613010e-02
4.382100e+01 -3.714202e+01 1.429676e+02 3.190709e-01 -2.596990e-01 1.021111e+00 -1.302846e-02 6.059583e-01
9.794059e+00 1.551036e+00 -3.179768e-01 2.102615e-01 -4.547989e-01 -3.511177e-02 -1.186334e+00 1.261424e-01
9.524783e+00 2.622310e+00 -9.675898e-01 -8.367682e-02 -3.616601e-01 -1.054151e+00 -1.907978e+00 6.245167e-01
-1.296047e+02 -1.929900e+01 -6.854776e+01 -9.331919e-01 -1.389234e-01 -4.821156e-01 -1.478562e-02 5.612911e-01
7.440656e+00 2.684745e+00 -9.402328e-02 3.486007e-01 -4.058048e-02 5.413114e-01 -5.727728e-01 2.080937e-01
8.041223e+00 8.850203e+00 -1.305245e+01 2.604106e-02 2.034630e-02 8.071138e-02 -1.133124e-01 3.803217e-03
9.521718e+00 2.465887e+00 -9.103246e-01 4.079952e-01 3.620058e-01 -6.527870e-01 -2.028125e+00 3.618196e-01
1.087997e+01 1.323750e+00 -1.700962e+00 3.216847e-01 -7.488498e-01 -3.302040e-01 -7.504811e-01 3.866459e-01
8.763752e+00 3.229781e+00 -3.571920e-01 2.953571e-02 -3.304946e-01 -2.229086e-02 -8.488767e-01 5.529795e-02
9.834691e+00 2.430847e+00 -4.837350e-01 -2.552309e-01 -1.682707e-01 4.330793e-01 -1.504276e+00 1.405078e-01
9.772380e+00 1.945733e+00 -6.695540e-01 7.434959e-01 -4.540298e-01 1.705531e-01 -1.763624e+00 3.940088e-01
-1.324785e+02 -2.757905e+01 -6.909174e+01 -9.395399e-01 -1.916222e-01 -4.875534e-01 -1.421723e-02 5.785813e-01
8.827747e+00 1.789872e+00 -1.443044e+00 2.162120e-01 4.770567e-01 -6.569626e-01 -1.186533e+00 3.529653e-01
-2.345655e+01 -1.442372e+02 -3.081467e+01 -1.709213e-01 -1.037856e+00 -2.258585e-01 -1.336861e-02 5.786853e-01
8.123630e+00 2.280971e+00 -9.950054e-01 -4.522467e-01 -6.399607e-02 -2.545579e-01 -8.460794e-01 1.367111e-01
9.807452e+00 1.765159e+00 -9.495420e-01 8.850656e-02 1.178523e+00 -4.123355e-01 -1.823165e+00 7.833857e-01
-1.002059e+02 2.717880e+01 -1.749255e+01 -6.993540e-01 1.584169e-01 -1.288566e-01 -2.052494e-02 2.653980e-01
1.373771e+01 5.829609e+00 6.036805e+01 9.483471e-02 2.423104e-02 3.474177e-01 -2.953220e-02 6.513991e-02
-1.963455e+01 -2.936967e+01 -1.778022e+01 1.572726e-02 -7.184707e-02 1.306973e-02 -6.485086e-02 2.790083e-03
1.045267e+01 2.923531e+00 -3.072045e-01 -3.670294e-01 1.989701e-01 -1.105665e+00 -9.087908e-01 6.983971e-01
-1.955626e+01 -2.866466e+01 -1.788910e+01 -8.371461e-02 -2.051658e-01 -9.047918e-02 -5.486781e-02 2.864382e-02
-1.135577e+02 1.996139e+01 -3.496827e+01 -7.205000e-01 1.872113e-01 -2.647583e-01 -7.206262e-02 3.121326e-01
7.171758e+00 -1.150675e+02 -8.051272e+00 5.175404e-02 -8.002219e-01 -5.404355e-02 -1.679101e-02 3.229771e-01
9.490812e+00 1.994733e+00 -7.435301e-01 -1.015016e+00 1.054859e+00 -7.522607e-01 -1.885743e+00 1.354441e+00
9.341247e+00 2.483108e+00 9.068906e-01 -1.048051e-01 -1.064410e-01 1.184384e-02 -6.727577e-01 1.122704e-02
9.114740e+00 1.862302e+00 -1.484254e+00 3.402198e-01 3.998754e-01 -3.856494e-01 -1.437872e+00 2.121877e-01
8.944202e+00 2.952565e+00 -4.230645e-01 6.879773e-02 8.658672e-01 3.454065e-01 -1.021522e+00 4.368824e-01
9.656498e+00 2.098422e+00 -1.271043e+00 -6.333382e-01 -1.592848e-01 2.666694e-01 -2.251668e+00 2.488007e-01
9.921806e+00 2.083655e+00 -1.672583e+00 6.150285e-01 -2.261010e-01 4.188481e-01 -1.428847e+00 3.024077e-01
9.944593e+00 2.075900e+00 -7.090688e-01 -4.410169e-01 -1.641290e-01 -2.965960e-01 -1.687167e+00 1.547017e-01
8.626011e+00 1.203967e+00 -1.952929e+00 6.619446e-01 1.516632e-01 2.540858e-01 -7.898674e-01 2.628660e-01
1.589987e+01 -1.291972e+01 -7.981009e+00 5.613074e-02 2.121133e-02 -2.954017e-03 -1.130356e-01 1.804653e-03
1.012476e+01 2.485271e+00 -1.420526e+00 2.743914e-01 -6.836268e-01 -1.033003e+00 -1.437693e+00 8.048654e-01
8.839456e+00 4.949980e+00 -1.023568e+00 1.325555e-01 5.624750e-01 -1.507994e-01 -4.897422e-01 1.783448e-01
8.250136e+01 -2.984846e+00 -3.881601e+01 5.404981e-01 -1.928526e-04 -2.588531e-01 -2.279788e-02 1.795716e-01
8.898149e+00 2.232543e+00 -1.800051e+00 -1.064318e+00 -3.412950e-02 -6.178507e-01 -1.153921e+00 7.578388e-01
9.869690e+00 2.364550e+00 -8.329202e-01 -1.164811e+00 3.420762e-01 -3.946548e-01 -1.871417e+00 8.147766e-01
1.023674e+01 2.313042e+00 -6.558531e-01 2.819315e-01 2.764266e-01 7.052611e-01 -1.374673e+00 3.266451e-01
-7.700003e+01 -8.338912e+00 1.230536e+02 -5.544725e-01 -5.687523e-02 8.839613e-01 -1.381653e-02 5.460310e-01
9.610258e+01 3.970863e+01 -2.872985e+01 6.639609e-01 2.626237e-01 -1.959571e-01 -1.921303e-02 2.741072e-01
1.205315e+02 -7.327157e+01 -2.544553e+01 8.577007e-01 -5.084804e-01 -1.751639e-01 -1.418337e-02 5.124426e-01
9.712222e+00 2.070681e+00 -1.507727e+00 9.453150e-02 -2.231796e-01 -4.389007e-01 -1.764003e+00 1.256896e-01
1.008437e+01 2.056960e+00 -2.888343e-01 5.833947e-03 -7.467669e-01 1.772951e-01 -1.258098e+00 2.945642e-01
9.333993e+00 2.299190e+00 -1.222408e+00 -6.485764e-01 -7.515956e-01 -3.687577e-01 -1.914190e+00 5.607648e-01
1.064622e+01 2.919775e+00 4.112415e-01 3.903569e-01 -2.206369e-02 1.996726e-01 -6.783195e-01 9.636724e-02
9.088068e+00 -1.947880e+00 2.298246e+00 7.380646e-02 3.194696e-01 -2.346586e-01 -2.825458e-01 8.128641e-02
1.017254e+01 3.010371e+00 1.517862e+00 -1.822343e-01 -6.064661e-02 -1.376248e-01 -5.043235e-01 2.791397e-02
8.911837e+00 1.915474e+00 -7.029763e-01 5.504706e-01 3.115031e-01 -6.014283e-01 -1.329620e+00 3.808840e-01
1.001997e+01 2.912399e+00 -9.507431e-01 -4.915631e-01 3.536644e-01 -8.174129e-01 -1.284373e+00 5.174383e-01
9.664252e+00 2.086803e+00 -1.395615e+00 7.011142e-01 -1.111097e+00 -2.861069e-01 -1.982353e+00 9.039776e-01
-2.763300e+01 -8.891480e+01 4.676017e+01 -1.901224e-01 -6.150287e-01 3.321610e-01 -1.838006e-02 2.623689e-01
9.628205e+00 2.882678e+00 -2.274366e+00 5.150875e-01 3.214508e-01 3.791178e-01 -9.046564e-01 2.561880e-01
9.240558e+00 3.323512e+00 -5.871238e-01 2.689791e-01 2.788664e-01 8.124785e-01 -9.581060e-01 4.051187e-01
9.101486e+00 2.006983e+00 -1.378507e+00 9.585538e-01 -9.627991e-01 1.192335e-01 -1.537725e+00 9.300121e-01
8.057712e+00 3.271066e+00 8.441085e-01 1.356836e-01 2.053771e-01 -2.560332e-03 -5.292991e-01 3.029818e-02
9.600997e+00 2.364817e+00 -9.373650e-01 -1.329397e+00 7.331563e-01 1.812996e-02 -2.253679e+00 1.152571e+00
9.629378e+00 2.053221e+00 -9.364127e-01 1.096044e+00 5.134275e-01 9.811182e-01 -2.177599e+00 1.213756e+00
-1.122495e+02 2.051731e+01 -3.374415e+01 -9.242505e-01 -6.811654e-02 -2.701853e-01 -9.543787e-02 4.659395e-01
-8.689619e+01 2.119510e+01 -5.055481e+01 -6.061284e-01 5.514983e-02 -2.928795e-01 -3.687021e-02 2.281057e-01
-2.295414e+01 3.103552e+00 1.071259e+01 -6.932504e-03 3.209282e-02 4.715285e-02 -5.054380e-02 1.650700e-03
8.829498e+00 2.122035e+00 -3.789688e-01 -1.653551e-02 2.788107e-01 6.425985e-02 -1.132405e+00 4.106909e-02
9.578517e+00 2.310442e+00 -1.484389e+00 -4.764235e-01 -7.975183e-01 2.300225e-01 -1.838173e+00 4.579626e-01
-4.878668e+01 2.258037e+01 9.661043e+01 -3.405762e-01 1.462003e-01 6.668736e-01 -1.743506e-02 2.910435e-01
9.922951e+00 2.146837e+00 -1.008889e+00 -3.849733e-01 -4.940660e-01 -9.589267e-01 -1.906338e+00 6.559231e-01
9.263431e+00 1.989595e+00 -1.196134e+00 -8.181697e-01 -8.340058e-01 -8.502179e-01 -1.800640e+00 1.043919e+00
-1.118239e+02 2.164595e+01 -3.341898e+01 -8.051510e-01 9.856960e-02 -1.495530e-01 -4.040438e-02 3.401751e-01
9.686394e+00 1.525965e+00 -1.120632e+00 4.269691e-01 3.623854e-01 -8.251938e-01 -1.542518e+00 4.972853e-01
9.232185e+00 2.361490e+00 -7.983226e-01 5.100542e-01 -2.881916e-01 -1.456594e-01 -1.699998e+00 1.822132e-01
6.538868e+00 3.193861e+00 -4.151463e+00 3.185285e-01 1.847122e-01 8.965209e-02 -3.277503e-01 7.180824e-02
-1.608298e+02 3.398140e+00 -3.177367e+01 -1.155635e+00 4.054971e-02 -2.372134e-01 -1.308504e-02 6.967036e-01
1.019172e+01 2.527798e+00 -3.230024e-01 -4.405881e-01 -1.347212e-01 3.521589e-01 -1.155421e+00 1.681418e-01
4.971452e+00 8.679120e-01 5.916065e+00 1.128391e-01 -1.140541e-01 -1.735758e-01 -1.834538e-01 2.793477e-02
9.301869e+00 3.056731e+00 -1.413108e+00 1.802282e-01 5.539125e-01 4.161107e-01 -1.180831e+00 2.562247e-01
9.156282e+00 2.117284e+00 -1.035997e+00 -4.149214e-01 -6.125690e-03 1.274828e+00 -1.715428e+00 8.986915e-01
1.162841e+01 -5.425965e-01 -2.105252e+00 -3.248591e-01 3.194303e-01 1.693765e-01 -3.943061e-01 1.181288e-01
-6.123208e+01 4.070474e+01 -7.878595e+01 -4.292934e-01 2.705905e-01 -5.400822e-01 -1.809659e-02 2.746004e-01
8.958610e+00 2.818078e+00 -1.217426e-01 1.218097e-01 -4.140527e-01 -2.359577e-03 -9.522661e-01 9.314140e-02
1.011169e+01 5.353721e+00 -9.904530e-01 -2.855882e-01 2.386230e-01 3.398737e-01 -4.396261e-01 1.270079e-01
-1.123126e+02 2.046160e+01 -3.314733e+01 -7.134940e-01 1.776796e-01 -2.455747e-01 -5.717339e-02 3.004754e-01
8.277322e+00 3.671469e+00 -1.207783e+00 -4.818782e-01 5.197728e-01 2.516317e-01 -6.750696e-01 2.828444e-01
9.499880e+00 1.053634e+00 -9.211394e-01 -8.459742e-01 -8.727120e-02 4.420273e-01 -1.056810e+00 4.593384e-01
-1.394830e+01 -1.984654e+01 -1.224711e+01 -8.758932e-03 -3.414065e-02 -3.571916e-02 -5.154713e-02 1.259080e-03
-1.239345e+02 1.274109e+01 -7.687517e+01 -8.832083e-01 9.590910e-02 -5.424086e-01 -1.477359e-02 5.417313e-01
-2.492491e+01 -6.149491e+01 -7.165007e+01 -1.699324e-01 -4.096401e-01 -4.902771e-01 -1.918562e-02 2.185269e-01
-2.795667e+01 3.765149e+00 1.472844e+01 -6.558940e-02 3.808313e-02 3.868743e-02 -4.394155e-02 3.624506e-03
9.231876e+00 2.218328e+00 -2.487865e+00 -5.550528e-01 -5.009257e-02 2.858311e-01 -8.979206e-01 1.961461e-01
7.633562e+00 -3.951001e+00 -8.711770e+00 7.336182e-02 -7.690764e-02 -1.295136e-01 -1.546352e-01 1.403526e-02
-3.648327e+00 1.608343e+01 -5.292044e+00 -1.336096e-01 1.749684e-01 -8.620583e-02 -8.223952e-02 2.794846e-02
9.671412e+00 2.319906e+00 -7.984212e-01 -2.532882e-01 -9.905018e-01 -6.406788e-01 -2.013954e+00 7.278590e-01
1.010627e+01 2.415791e+00 -1.055580e+00 1.268889e-01 -2.765607e-01 4.262209e-01 -1.699292e+00 1.371254e-01
6.003484e+01 -2.112068e+00 -2.799668e+01 3.460499e-01 1.655296e-02 -1.678211e-01 -3.103332e-02 7.409421e-02
9.347268e+00 1.346847e+00 -3.855256e+00 -2.000670e-01 -1.548703e-01 -3.074633e-02 -4.738819e-01 3.247846e-02
8.891155e+00 -1.192915e+00 -2.639260e+00 1.630497e-01 3.586819e-01 8.078379e-02 -3.755641e-01 8.088196e-02
8.493539e+00 2.866604e+00 1.020215e+00 1.056507e-01 -2.301950e-01 -4.752278e-02 -5.733360e-01 3.320512e-02
9.617442e+00 2.910900e+00 -7.501359e-01 4.435776e-01 3.777394e-01 -2.058597e-03 -1.349609e+00 1.697262e-01
9.613778e+00 1.849735e+00 -1.085719e+00 7.664227e-02 3.989391e-01 9.434165e-02 -2.005967e+00 8.696339e-02
9.644275e+00 1.744716e+00 -7.649193e-01 7.764187e-01 -4.293190e-01 -7.091234e-01 -1.775705e+00 6.449984e-01
4.891528e+01 -1.472307e+02 4.414928e+01 3.553052e-01 -1.057879e+00 3.183777e-01 -1.249500e-02 6.733569e-01
9.607025e+00 2.618910e+00 -1.109666e+00 3.204874e-01 -1.415369e-01 1.527648e-02 -1.953891e+00 6.148913e-02
-4.746347e+01 -3.248766e+01 1.460316e+02 -3.441073e-01 -2.284948e-01 1.046026e+00 -1.278311e-02 6.323952e-01
9.333086e+00 2.520661e+00 -7.756511e-01 -6.086843e-01 4.451809e-01 -3.740948e-02 -1.734132e+00 2.850410e-01
8.872507e+00 1.753960e+00 -6.095284e-01 5.162196e-01 1.512831e-01 -2.932097e-01 -1.228134e+00 1.876706e-01
9.048932e+00 2.598040e+00 -1.567107e+00 -3.014178e-01 -9.436177e-02 -1.345382e-01 -1.335832e+00 5.892868e-02
9.235729e+00 3.234183e+00 5.887283e-01 -9.827312e-02 -1.841396e-02 3.537761e-01 -6.746889e-01 6.757712e-02
9.556087e+00 2.179757e+00 -1.227689e+00 -3.965307e-01 -3.480045e-01 -1.685870e-01 -2.312491e+00 1.533826e-01
9.640989e+00 2.109345e+00 -8.677221e-01 1.505253e+00 -2.472746e-01 2.044146e-01 -2.172069e+00 1.184358e+00
-6.234506e+01 -1.688046e+01 7.115218e+01 -4.181150e-01 -1.055537e-01 4.832193e-01 -1.949340e-02 2.097313e-01
9.933508e+00 2.508771e+00 -1.173081e+00 -6.157945e-01 -1.645504e-01 -7.225166e-01 -1.802054e+00 4.641550e-01
9.759560e+00 1.709974e+00 -1.285150e+00 8.713901e-01 4.982299e-01 -1.980322e-01 -1.657794e+00 5.233853e-01
8.460981e+00 1.254963e+00 -6.615920e-01 4.576476e-01 -5.569606e-01 -5.043617e-01 -8.537892e-01 3.870135e-01
-1.808795e+01 -2.804812e+01 -2.073797e+01 -9.830579e-02 -1.287524e-01 -8.002765e-02 -4.325990e-02 1.632282e-02
-1.122780e+02 2.060963e+01 -3.372066e+01 -5.961275e-01 1.704593e-01 -1.480433e-01 -9.806434e-02 2.031706e-01
9.384755e+00 1.735656e+00 -1.302357e+00 -2.742336e-01 -1.830176e-01 -2.169640e-01 -1.639822e+00 7.788645e-02
3.090447e+00 -1.293517e+02 7.975361e+01 2.421315e-02 -9.271080e-01 5.713555e-01 -1.322605e-02 5.932814e-01
9.719942e+00 2.198332e+00 -1.165097e+00 1.035237e-01 1.283367e-02 1.222215e+00 -2.397855e+00 7.523453e-01
-1.121001e+02 1.958955e+01 -3.302943e+01 -7.792045e-01 8.006712e-02 -2.606853e-01 -4.259105e-02 3.407636e-01
8.932024e+00 3.136143e+00 2.161274e+00 3.297015e-01 -1.055789e-01 -2.637881e-01 -4.221590e-01 9.471707e-02
-1.440458e+02 2.783607e+01 -6.533030e+01 -1.025697e+00 2.102419e-01 -4.664026e-01 -1.362571e-02 6.568935e-01
9.814095e+00 1.845556e+00 -1.859054e+00 2.483988e-01 -7.781937e-02 4.066016e-01 -1.237206e+00 1.165413e-01
8.049711e+00 5.556553e+00 -3.533154e+00 3.980584e-02 -8.149491e-02 2.149738e-01 -3.267048e-01 2.721984e-02
9.922908e+00 2.358327e+00 -1.069973e+00 5.894123e-01 -2.016527e-01 3.402748e-01 -1.910639e+00 2.519288e-01
-1.950171e+01 -2.923087e+01 -1.793203e+01 -4.960898e-02 -9.910066e-02 -1.133163e-01 -6.662813e-02 1.256129e-02
5.963576e+01 -1.590463e+01 1.247953e+02 4.247013e-01 -1.124009e-01 8.817965e-01 -1.446363e-02 4.852851e-01
1.033119e+01 1.546335e+00 -2.265916e+00 -4.655225e-01 -3.891057e-01 2.708125e-01 -8.030087e-01 2.207269e-01
9.813861e+00 2.508813e+00 -5.393967e-01 5.799619e-01 1.817323e-01 -6.255641e-01 -1.518312e+00 3.803564e-01
9.225311e+00 1.264045e+00 -1.319339e+00 -2.062380e-01 3.378260e-01 1.059163e-01 -1.165560e+00 8.393941e-02
9.624190e+00 2.188896e+00 -1.442786e+00 2.589388e-01 4.291065e-03 1.657066e-01 -1.936428e+00 4.726321e-02
9.686402e+00 2.788917e+00 -1.267529e+00 8.104271e-01 1.102981e+00 -1.954989e-01 -1.594404e+00 9.557898e-01
1.003353e+01 2.052050e+00 -1.169005e-01 2.311136e-01 8.574259e-02 5.740596e-02 -1.149186e+00 3.203036e-02
-1.094625e+02 1.978289e+01 -3.271579e+01 -7.736104e-01 1.792876e-01 -2.583004e-01 -2.978687e-02 3.486681e-01
9.262673e+00 2.614259e+00 -1.057938e+00 -4.187689e-02 -8.738684e-02 -5.325595e-01 -1.722818e+00 1.465049e-01
1.009685e+01 2.574398e+00 -1.041472e+00 -3.801109e-01 -5.362899e-01 -1.807591e-02 -1.563101e+00 2.162090e-01
9.694503e+00 2.456835e+00 2.608929e-01 -1.347582e-01 1.170857e-01 1.313226e-01 -9.198625e-01 2.455722e-02
5.561316e-02 -9.202582e+01 2.231762e+01 1.330969e-03 -6.215674e-01 1.521222e-01 -2.004276e-02 2.047445e-01
9.021857e+00 2.522563e+00 -1.578156e+00 -1.646177e-01 -3.624814e-01 1.270173e-01 -1.346052e+00 8.731258e-02
9.324224e+00 1.891510e+00 -7.390101e-01 -2.266633e-01 -4.637759e-01 5.019229e-01 -1.761317e+00 2.591955e-01
7.236855e+01 9.605421e+01 -7.353210e+01 5.257357e-01 6.843537e-01 -5.239459e-01 -1.429873e-02 5.096287e-01
-4.095137e+01 9.049338e+01 3.323873e+01 -2.864852e-01 6.186115e-01 2.343415e-01 -1.832503e-02 2.598350e-01
-1.493852e+02 2.761634e+01 -4.409844e+01 -1.060411e+00 1.903557e-01 -3.220975e-01 -1.394758e-02 6.322267e-01
1.049404e+01 2.093752e+00 -2.880695e-01 8.481707e-01 1.409414e-01 5.755229e-01 -1.061293e+00 5.352423e-01
9.785758e+00 2.627263e+00 -1.235849e+00 1.372575e-01 -7.915936e-01 -9.278968e-02 -1.751335e+00 3.270350e-01
9.827173e+00 1.509185e+00 -6.274211e-01 6.985674e-01 1.116723e+00 6.572534e-01 -1.375528e+00 1.083524e+00
9.365378e+00 2.464416e+00 -9.701914e-01 -1.078973e-01 3.958072e-01 -4.632025e-01 -1.923835e+00 1.914309e-01
-1.038781e+02 3.764201e+01 3.936419e+01 -7.227074e-01 2.668519e-01 2.643516e-01 -1.662279e-02 3.316988e-01
9.733374e+00 2.747197e+00 -1.449732e+00 -3.912456e-02 7.975522e-01 2.624060e-01 -1.525496e+00 3.532386e-01
8.426846e+00 1.546012e+00 -2.300521e+00 -2.005214e-01 1.591422e-01 -1.657993e-01 -7.257689e-01 4.651223e-02
9.376141e+00 2.716149e+00 -1.009182e+00 -4.939714e-02 -7.755197e-01 -4.441273e-02 -1.747658e+00 3.029217e-01
9.853411e+00 1.542315e+00 -1.159772e+00 -2.721687e-01 8.835870e-02 2.567003e-01 -1.472020e+00 7.388903e-02
1.481451e+01 4.346325e+00 -5.996588e-01 -5.039200e-01 -9.903186e-02 6.186292e-02 -2.557533e-01 1.337848e-01
1.040500e+01 5.916590e-01 -2.990543e-01 -2.820449e-01 -2.241848e-01 -3.955462e-01 -6.826283e-01 1.431325e-01
1.064784e+02 4.728630e+01 -3.817326e+01 7.448174e-01 3.244167e-01 -2.549858e-01 -1.704570e-02 3.625085e-01
1.091145e+01 5.248280e-02 -2.028130e+00 1.108008e-01 2.644407e-01 2.965143e-01 -5.055284e-01 8.506320e-02
9.985065e+00 2.536299e+00 -1.156382e+00 -8.891889e-01 2.405600e-01 -1.113665e+00 -1.740013e+00 1.044388e+00
1.163849e+01 -1.798626e+00 3.141235e+00 2.374519e-01 -1.603026e-01 1.949374e-01 -2.452253e-01 6.004046e-02
9.492934e+00 2.197423e+00 -2.093631e+00 2.536722e-01 3.443230e-02 5.854390e-01 -1.195864e+00 2.041370e-01
8.414062e+00 1.748737e+00 -1.272168e+00 -1.890872e-01 -5.657619e-01 6.195054e-01 -9.800251e-01 3.698137e-01
6.776859e+00 2.276468e+00 -1.136752e-01 5.451202e-01 -1.755771e-01 -1.333009e-01 -4.781409e-01 1.728762e-01
8.936474e+00 1.766308e+00 -3.961570e-01 2.681363e-01 1.505828e-01 4.821895e-01 -1.186082e+00 1.635395e-01
9.571212e+00 2.620975e+00 -1.129012e+00 -1.613003e-01 -1.424164e-01 -4.157460e-01 -1.956532e+00 1.095725e-01
9.541203e+00 2.465646e+00 -1.871353e+00 1.496366e-02 -1.313192e-01 -2.720424e-01 -1.354197e+00 4.573786e-02
9.727582e+00 2.582890e+00 -1.444886e+00 2.674310e-01 -1.446667e+00 5.452480e-02 -1.667829e+00 1.083669e+00
9.387632e+00 2.947648e+00 -8.556741e-01 3.777298e-01 -5.525583e-01 -5.187098e-01 -1.368874e+00 3.585301e-01
9.671420e+00 2.207589e+00 -1.030428e+00 3.575734e-01 8.436430e-01 2.656005e-02 -2.322430e+00 4.201488e-01
1.224835e+01 2.219089e+00 3.739923e-01 3.620137e-01 4.055248e-02 7.277131e-02 -4.574274e-01 6.899705e-02
9.485138e+00 1.444064e+00 -1.282372e+00 -6.147020e-02 -6.756429e-01 4.307170e-01 -1.465691e+00 3.228946e-01
9.851347e+00 1.505222e+00 -1.375763e+00 -4.586079e-01 1.488375e-01 5.044758e-01 -1.335011e+00 2.434848e-01
2.096266e+01 -9.179978e+00 3.257668e+01 1.337145e-01 -3.427070e-04 9.348719e-02 -4.583115e-02 1.330977e-02
9.512995e+00 9.996539e-01 2.435265e-01 -1.321103e-01 -5.345959e-01 -3.961995e-01 -7.611825e-01 2.301100e-01
1.971678e+01 -9.929570e+00 -1.179810e+02 1.414586e-01 -6.390141e-02 -8.207876e-01 -1.621663e-02 3.488931e-01
9.590532e+00 2.119297e+00 -8.493942e-01 2.320098e-01 4.689641e-01 1.059161e+00 -2.148338e+00 6.977886e-01
8.448544e+00 3.188074e+00 -1.865487e+00 5.956125e-01 -2.533608e-01 3.349578e-01 -7.599246e-01 2.655713e-01
9.475358e+00 2.157056e+00 -1.309071e+00 7.216123e-01 -5.119942e-03 6.196134e-01 -2.073262e+00 4.523356e-01
9.713912e+00 1.404474e+00 -1.122238e+00 -9.738656e-02 1.877624e-01 -2.367676e-01 -1.391683e+00 5.039889e-02
9.614883e+00 1.674366e+00 -7.573414e-01 3.652669e-01 -2.054916e-01 1.679902e-02 -1.689963e+00 8.796445e-02
9.279814e+00 2.021764e+00 -8.101184e-01 4.751778e-01 1.020485e+00 1.420047e-01 -1.799051e+00 6.436745e-01
9.678947e+00 2.497413e+00 -9.939233e-01 4.048017e-01 -1.074668e-01 -6.908387e-01 -1.989068e+00 3.263358e-01
9.775979e+00 2.189021e+00 -1.144784e+00 4.024999e-01 1.621117e-01 -5.397136e-01 -2.245891e+00 2.397886e-01
9.569946e+00 2.918217e+00 -1.772695e+00 1.854170e-01 4.741968e-01 5.742296e-01 -1.157071e+00 2.944909e-01
9.851091e+00 3.413568e+00 -1.755299e+00 -2.958303e-01 3.585550e-01 -6.606047e-01 -8.706333e-01 3.262379e-01
9.511870e+00 2.027957e+00 -8.960517e-01 -4.310148e-01 -4.673418e-01 -3.308938e-01 -2.068364e+00 2.568364e-01
8.398686e+00 7.632957e+00 -2.015101e+00 1.715377e-01 1.588930e-01 -1.315995e-01 -2.622237e-01 3.599529e-02
7.965890e+00 2.292508e+00 1.573130e+00 -2.739485e-01 2.696553e-01 1.840778e-01 -4.648245e-01 9.082319e-02
1.059446e+01 1.117730e+00 5.593600e+00 4.902668e-02 -1.623826e-01 3.857795e-01 -2.234083e-01 8.879879e-02
9.875266e+00 -1.423666e+00 2.037797e+00 -6.544308e-03 1.159385e-01 8.818241e-03 -3.124194e-01 6.781161e-03
1.003025e+01 2.322663e+00 -6.282386e-01 -5.450460e-02 -3.862696e-01 3.252830e-01 -1.550449e+00 1.289920e-01
9.199329e+00 1.744614e+00 -8.449584e-01 -1.999776e-01 4.348830e-01 -5.954788e-02 -1.632338e+00 1.163301e-01
9.159493e+01 -6.463843e+01 -1.354481e+01 6.380776e-01 -4.320155e-01 -9.674519e-02 -1.783888e-02 3.015700e-01
9.860777e+00 1.911289e+00 -7.801959e-01 2.506931e-01 5.229684e-01 -6.055610e-01 -1.787380e+00 3.515236e-01
9.362758e+00 1.420651e+00 -4.247755e-01 1.497199e-01 -5.293010e-01 -2.461397e-01 -1.177809e+00 1.815802e-01
8.180275e+00 1.805033e+00 1.921840e-01 4.411782e-01 3.917669e-02 -1.767486e-01 -7.066624e-01 1.137066e-01
9.414497e+00 1.895994e+00 -7.629501e-01 -2.669208e-01 -4.687489e-01 2.332286e-01 -1.834067e+00 1.726839e-01
1.078707e+01 1.275762e+00 -9.162711e-01 1.842700e-01 5.873215e-02 -6.236821e-03 -8.508226e-01 1.872190e-02
9.664064e+00 2.172370e+00 -1.142266e+00 3.127888e-01 1.751210e-01 -1.363114e-01 -2.536116e+00 7.354251e-02
8.894054e+00 2.642510e+00 -2.016705e+00 6.990750e-01 3.921361e-02 2.898685e-01 -9.811694e-01 2.871337e-01
9.678072e+00 2.775806e+00 -2.202934e-01 -2.844495e-02 -9.812144e-01 3.798429e-02 -1.123325e+00 4.825168e-01
4.156135e+00 -7.040998e+00 -3.877325e+00 5.400695e-02 -4.415291e-02 -9.100462e-02 -1.415456e-01 6.574036e-03
1.046621e+01 1.918350e+00 -3.323889e+00 2.870926e-01 -2.792063e-01 -3.573466e-01 -5.572893e-01 1.440374e-01
8.863635e+00 2.864351e+00 -7.721389e-01 7.065567e-01 -3.175225e-01 -1.815425e-02 -1.115065e+00 3.001862e-01
1.033874e+01 2.492980e+00 -9.743145e-01 5.294170e-01 3.837413e-01 -3.989873e-01 -1.342589e+00 2.933653e-01
4.835992e+01 -2.607162e+01 -2.562259e+01 2.684767e-01 -1.436571e-01 -1.046067e-01 -3.517288e-02 5.182984e-02
1.129655e+01 2.153807e+00 -1.716813e+00 3.298736e-01 1.600346e-01 -2.933932e-01 -6.925382e-01 1.102536e-01
7.327236e+00 3.342654e+00 -2.945746e+00 -8.616445e-02 1.562988e-01 3.646802e-01 -4.470948e-01 8.242265e-02
1.115496e+01 -1.155313e+02 4.136018e+01 8.364064e-02 -8.063781e-01 2.968399e-01 -1.612583e-02 3.726777e-01
8.950464e+00 1.109300e+00 -2.304321e+00 -8.710595e-03 -4.294189e-01 2.845422e-01 -7.412710e-01 1.327204e-01
9.694143e+00 1.666688e+00 -8.810429e-01 5.949856e-01 -4.558309e-01 2.027133e-01 -1.711403e+00 3.014412e-01
1.113847e+01 2.120839e+00 -5.374615e+00 9.727238e-02 1.134918e-01 -3.657410e-02 -3.129103e-01 1.183999e-02
9.856771e+00 2.255077e+00 -9.256289e-01 2.255778e-01 9.646165e-01 8.054288e-01 -1.991409e+00 8.150430e-01
4.222165e+00 1.191383e+00 1.749915e+00 -3.006906e-02 -5.353475e-03 3.430508e-02 -2.486328e-01 1.054823e-03
9.671734e+00 1.854060e+00 -1.331532e+00 -5.066148e-03 4.700021e-01 1.529004e-02 -1.859335e+00 1.105807e-01
-5.093667e+01 4.947957e+00 4.399278e+01 -2.999338e-01 4.658115e-02 2.803106e-01 -2.612804e-02 8.535205e-02
9.303966e+00 2.151999e+00 -7.125734e-01 2.552182e-01 -3.739880e-01 -3.624960e-01 -1.740071e+00 1.682034e-01
8.338816e+00 1.651368e+00 -1.260838e+00 4.602550e-01 -1.284449e-01 1.357167e-01 -9.272117e-01 1.233759e-01
-3.366132e+01 1.908344e+00 5.685772e+01 -1.373664e-01 -4.066075e-02 3.979476e-01 -6.292782e-02 8.944255e-02
-8.692170e+01 2.138424e+01 -5.074057e+01 -6.002853e-01 2.113524e-01 -3.905344e-01 -3.684426e-02 2.787647e-01
-3.361231e+01 1.688191e+00 5.689394e+01 -2.565631e-01 -3.185261e-02 3.781445e-01 -5.991888e-02 1.049162e-01
9.555647e+00 2.612002e+00 -1.299224e+00 -3.336805e-01 1.290064e-01 1.538024e-02 -1.789876e+00 6.411095e-02
9.836144e+00 2.374642e+00 -9.167032e-01 1.609065e-02 -5.222575e-01 5.949047e-01 -1.970750e+00 3.134617e-01
8.514353e+00 3.443067e+00 -1.519698e+00 -4.036566e-02 6.158203e-01 -2.131226e-01 -7.655613e-01 2.131427e-01
-1.337477e+02 -4.879943e+01 7.728455e+00 -9.543787e-01 -3.440685e-01 5.259094e-02 -1.387468e-02 5.159939e-01
9.865665e+00 1.811185e+00 -9.373417e-01 2.242281e-01 1.289134e+00 -7.076882e-02 -1.803790e+00 8.585758e-01
1.051896e+01 1.275196e+00 4.117348e-01 -6.380224e-01 7.181980e-01 -1.936136e-01 -6.884468e-01 4.801836e-01
-5.104987e+01 1.833160e+01 -3.963823e+01 -3.264512e-01 1.017223e-01 -2.343817e-01 -2.659604e-02 8.592630e-02
8.232104e+00 4.897611e+00 2.211671e-03 -9.512528e-02 -2.714383e-01 1.278914e-01 -4.426670e-01 4.954189e-02
9.499784e+00 2.278629e+00 -6.889637e-01 -2.791119e-01 -4.265856e-01 -1.515604e-01 -1.849338e+00 1.414247e-01
9.208043e+00 2.220871e+00 -1.261128e+00 -4.997798e-01 3.035818e-01 -8.592533e-01 -1.832366e+00 5.401290e-01
3.248241e+01 -4.954246e+01 1.423267e+01 1.971738e-01 -2.770130e-01 6.304165e-02 -3.061322e-02 5.979400e-02
-3.742610e+01 1.053076e+02 7.423287e+01 -2.643463e-01 7.474558e-01 5.239344e-01 -1.466865e-02 4.515382e-01
9.625530e+00 2.162826e+00 -1.101234e+00 -2.874281e-01 -1.769023e-01 -1.763832e-01 -2.469776e+00 7.251019e-02
8.522382e+00 2.408053e+00 -1.270181e+00 -2.056028e-01 1.234117e-01 2.060756e-01 -1.037552e+00 4.998504e-02
1.047185e+01 1.979861e+00 -9.952505e-01 1.696167e-01 1.641825e-01 -6.502484e-01 -1.200177e+00 2.392744e-01
-3.828702e+01 -1.303857e+02 -4.387692e+01 -2.862185e-01 -9.386384e-01 -2.920853e-01 -2.045499e-02 5.241385e-01
8.138038e+00 -1.517249e+00 -3.852115e+00 -1.036953e-01 -5.935591e-02 -6.350610e-02 -3.015829e-01 9.154429e-03
9.457504e+00 2.674952e+00 -1.016499e+00 2.018925e-01 7.942449e-01 6.112996e-01 -1.893898e+00 5.226364e-01
9.904511e+00 2.781865e+00 -1.311903e+00 -3.040504e-01 8.230961e-01 3.339978e-01 -1.507932e+00 4.407442e-01
9.654530e+00 2.221197e+00 -1.118611e+00 -1.837743e-01 5.215959e-01 5.284699e-01 -2.476320e+00 2.925579e-01
-3.874809e+01 -1.306993e+02 -4.352097e+01 -2.594947e-01 -9.298425e-01 -3.365133e-01 -2.042888e-02 5.225929e-01
9.232005e+00 2.716785e+00 -1.020881e+00 -8.890581e-02 1.961337e-02 8.058971e-02 -1.618918e+00 7.391814e-03
9.984502e+00 3.047212e+00 -1.350805e+00 -1.282970e-01 1.866439e-01 -5.509110e-01 -1.179500e+00 1.773995e-01
9.424322e+00 1.873652e+00 -1.009095e+00 -7.609137e-01 5.053446e-02 -1.025161e+00 -1.920785e+00 8.162492e-01
9.501970e+00 2.126575e+00 -1.588124e+00 -1.214792e+00 6.879703e-01 -5.297847e-01 -1.668678e+00 1.114847e+00
-1.133304e+02 1.824764e+01 -3.088382e+01 -7.132537e-01 1.441844e-01 -2.945340e-01 -2.816530e-02 3.081351e-01
9.685950e+00 1.907870e+00 -9.643790e-01 1.261783e+00 4.329179e-01 1.130202e-01 -2.021065e+00 8.961443e-01
9.601561e+00 2.337308e+00 -9.750476e-01 9.012861e-01 -2.769147e-01 7.304866e-01 -2.362847e+00 7.113045e-01
1.001038e+01 1.812229e+00 -6.255078e-01 2.187976e-01 6.514360e-01 -5.662243e-01 -1.461470e+00 3.964256e-01
9.495973e+00 2.556073e+00 -4.508234e-01 5.490961e-02 -9.144325e-02 -5.584631e-01 -1.404382e+00 1.616290e-01
9.052857e+00 1.950009e+00 -1.162530e+00 -2.892609e-01 1.029952e-01 -3.542334e-01 -1.540909e+00 1.098806e-01
9.578721e+00 2.649514e+00 -1.423136e+00 -6.699029e-01 -3.906649e-01 1.243590e-01 -1.663645e+00 3.084271e-01
9.766967e+00 2.436435e+00 -1.850662e+00 2.672811e-01 -2.601447e-01 3.522143e-01 -1.359768e+00 1.315847e-01
-7.917790e+01 -2.796969e+01 1.243108e+02 -5.646544e-01 -1.921044e-01 8.880086e-01 -1.342836e-02 5.721490e-01
9.215368e+00 1.193518e+00 -1.428405e+00 -3.338313e-01 -3.828480e-02 4.678846e-01 -1.083865e+00 1.659126e-01
9.502643e+00 1.615780e+00 -1.732041e+00 -3.913214e-01 5.662089e-02 2.802757e-01 -1.237610e+00 1.174464e-01
1.329588e+02 4.336737e+00 -7.503361e+00 9.347201e-01 2.320911e-02 -5.147776e-02 -1.542764e-02 4.384452e-01
1.021214e+01 2.396684e+00 -1.536104e+00 7.870728e-01 -7.211373e-01 -1.720674e-01 -1.308980e+00 5.845649e-01
9.903101e+00 1.908837e+00 -5.018964e-01 2.213539e-01 -7.394938e-01 -1.822093e-01 -1.487083e+00 3.145244e-01
9.986543e+00 2.325910e+00 -5.093339e-01 1.951275e-01 -4.417992e-01 1.890132e-01 -1.485095e+00 1.344936e-01
1.027956e+01 2.211197e+00 9.687829e-02 -9.236190e-01 -1.024161e-01 -3.537933e-01 -9.438345e-01 4.943654e-01
9.580829e+00 2.567305e+00 -1.650165e+00 3.349613e-01 1.165425e+00 6.979352e-02 -1.510594e+00 7.376434e-01
-2.028033e+01 -1.065431e+02 4.549243e+01 -6.103394e-02 -6.805941e-01 2.328404e-01 -5.238398e-02 2.605740e-01
9.777029e+00 2.011386e+00 -9.617312e-01 -5.850471e-01 -2.189604e-01 4.823885e-01 -2.037924e+00 3.114612e-01
9.880363e+00 1.945459e+00 -2.893699e-01 8.290484e-02 -2.293643e-01 3.930133e-01 -1.308273e+00 1.069703e-01
1.027729e+01 8.558448e+00 -6.075556e+00 3.020190e-02 1.641019e-01 -1.261352e-01 -1.854219e-01 2.187583e-02
9.677895e+00 1.799053e+00 -1.270327e+00 2.811765e-01 -1.862931e-03 3.561877e-01 -1.853823e+00 1.029667e-01
9.823884e+00 2.755095e+00 -1.293882e+00 4.080263e-01 -2.096652e-01 -1.001654e-01 -1.602922e+00 1.102390e-01
9.715857e+00 1.533980e+00 -6.321189e-01 -6.508412e-03 -8.389001e-01 4.085242e-01 -1.451456e+00 4.353439e-01
9.603117e+00 2.360576e+00 -1.323207e+00 -2.404766e-01 -5.761165e-01 1.474905e+00 -1.988795e+00 1.282541e+00
1.096205e+01 5.162179e+00 2.042250e+00 -7.815488e-02 -9.399781e-02 -8.188111e-02 -3.217627e-01 1.082414e-02
-1.135671e+02 1.998453e+01 -3.486040e+01 -9.357964e-01 2.689045e-01 -1.726922e-01 -7.253484e-02 4.889236e-01
9.384678e+00 2.470189e+00 -1.447461e+00 -1.144845e-01 -9.248960e-01 8.358905e-02 -1.699673e+00 4.377632e-01
-1.620108e+02 4.133922e+01 -2.578328e+00 -1.165454e+00 2.998543e-01 -2.650857e-02 -1.249079e-02 7.244489e-01
9.495302e+00 2.408979e+00 -7.801284e-01 -1.200180e-01 6.209795e-01 5.361576e-01 -1.928294e+00 3.437424e-01
-8.459081e+01 -3.877589e+01 -4.709385e+01 -5.845484e-01 -2.686686e-01 -3.154356e-01 -1.842417e-02 2.566897e-01
4.527995e+00 4.729469e+01 -8.594816e+01 4.700007e-02 3.243789e-01 -5.750509e-01 -1.956168e-02 2.190571e-01
1.091857e+02 -1.961311e+01 -5.246934e+01 7.642883e-01 -1.323097e-01 -3.517083e-01 -1.679939e-02 3.626706e-01
9.559278e+00 2.280428e+00 -8.390559e-01 3.161693e-02 4.630609e-01 4.447274e-01 -2.102008e+00 2.066037e-01
1.581469e+01 -1.274856e+01 -7.953003e+00 3.992686e-02 -1.034205e-01 -3.262860e-02 -1.139182e-01 6.677293e-03
1.009986e+01 2.911580e+00 -1.254444e+00 3.975681e-01 9.047340e-02 1.244534e+00 -1.254396e+00 8.575557e-01
9.113805e+00 1.966471e+00 -8.586471e-01 -4.207814e-01 -9.338180e-01 -7.687309e-02 -1.616394e+00 5.274913e-01
2.051558e+01 1.673642e+01 7.446891e+00 8.603080e-03 -5.671111e-02 -9.592108e-02 -7.980965e-02 6.245508e-03
-1.114509e+02 -2.381237e+01 -5.604622e+01 -7.931825e-01 -1.613658e-01 -3.953970e-01 -1.640753e-02 4.057581e-01
9.911889e+00 3.017148e+00 -7.154554e-01 -4.896002e-01 6.616360e-01 -1.978379e-01 -1.179241e+00 3.583052e-01
1.045272e+01 2.179361e+00 -4.102018e-01 1.575110e-01 -3.996923e-01 4.478273e-01 -1.141252e+00 1.925565e-01
9.155738e+00 1.934081e+00 -1.549742e+00 -7.758331e-01 3.973131e-01 -5.793967e-01 -1.450397e+00 5.477376e-01
1.157863e+01 6.508433e+00 -2.010149e+00 2.069757e-01 5.501371e-01 -2.259994e-01 -2.994659e-01 1.982828e-01
5.718023e+00 2.416004e+00 1.241082e+00 2.990591e-01 8.851133e-02 1.836986e-01 -3.298347e-01 6.550789e-02
-3.388184e+01 1.840645e+00 5.699171e+01 -2.052865e-01 1.028883e-01 2.579826e-01 -5.702416e-02 5.964178e-02
8.890287e+00 1.604759e+00 -3.307058e-01 2.769310e-01 -4.691560e-01 -5.346255e-01 -1.077756e+00 2.913113e-01
6.049227e+01 -1.360296e-01 -5.293928e+01 3.922635e-01 -1.449422e-02 -3.210784e-01 -2.513927e-02 1.285860e-01
9.537328e+01 -1.924714e+00 -4.271712e+01 6.417280e-01 -2.775149e-02 -2.852251e-01 -1.998049e-02 2.469692e-01
7.520599e+00 2.002634e+00 -2.175038e+00 -2.872983e-01 1.288837e-01 2.616774e-01 -5.764524e-01 8.381321e-02
9.060183e+00 -3.349351e+00 -3.514963e+00 9.977750e-02 4.581216e-01 2.204105e-01 -2.452217e-01 1.342059e-01
9.623747e+00 2.146871e+00 -1.155551e+00 1.591243e-01 3.656051e-01 -4.945916e-01 -2.479916e+00 2.018042e-01
9.834128e+00 2.208720e+00 -1.217547e+00 -1.161758e-01 5.610724e-01 4.221508e-01 -2.038172e+00 2.532552e-01
8.745317e+00 4.148089e+00 -1.698667e+00 8.747805e-02 -1.520047e-01 3.981332e-01 -6.098737e-01 9.463395e-02
2.203679e+00 -1.059299e-01 2.031875e+00 -7.076242e-02 -1.044245e-01 2.356994e-02 -1.864687e-01 8.233669e-03
9.472735e+00 2.587564e+00 -1.037815e+00 5.010942e-01 3.076481e-01 -4.305119e-01 -2.000284e+00 2.655416e-01
9.815571e+00 2.449301e+00 -1.939427e+00 -5.289903e-01 -1.390379e-03 4.187531e-01 -1.269591e+00 2.275934e-01
7.210611e+01 6.023774e+00 1.131268e+02 5.150723e-01 4.733631e-02 7.962329e-01 -1.497705e-02 4.507635e-01
1.143653e+01 4.733706e+00 -3.544423e+00 3.374503e-01 -1.455983e-01 -2.015911e-01 -3.521680e-01 8.785526e-02
9.873509e+00 1.731992e+00 -1.011079e+00 5.916452e-01 7.622630e-01 -1.118067e-01 -1.705971e+00 4.717949e-01
-9.568005e+01 5.864943e+01 -2.085039e+01 -6.703377e-01 4.014857e-01 -1.336599e-01 -1.761030e-02 3.142041e-01
1.215101e+01 5.550494e+00 6.578241e-01 3.051590e-01 2.263713e-01 1.802221e-01 -3.159443e-01 8.842298e-02
5.905730e+01 -1.153223e+01 5.164316e+01 3.744063e-01 -7.613639e-02 3.211808e-01 -2.488587e-02 1.245670e-01
7.455452e+00 6.258897e+00 2.921041e+00 3.396957e-02 2.416578e-01 1.187038e-01 -2.465465e-01 3.682150e-02
5.124778e+00 -3.771780e+00 -6.355091e+00 3.194353e-01 1.340713e-01 2.094652e-01 -1.691076e-01 8.194483e-02
9.217720e+00 1.661610e+00 -9.275533e-01 8.748222e-01 6.332020e-01 1.466447e-01 -1.573567e+00 5.938817e-01
8.661518e+00 2.459643e-01 1.852744e+00 1.503161e-01 3.113443e-01 -4.176466e-01 -3.985932e-01 1.469794e-01
9.275928e+00 1.781769e+00 -7.034364e-01 -6.314351e-01 5.646764e-04 -7.276165e-01 -1.607455e+00 4.640682e-01
7.546818e+01 -8.862968e+01 4.793071e+01 5.317983e-01 -6.167633e-01 3.381085e-01 -1.585820e-02 3.887618e-01
1.579526e+01 2.278927e+01 -9.455316e+00 1.130173e-01 1.654805e-01 -8.358845e-02 -7.013553e-02 2.357187e-02
9.573235e+00 1.884751e+00 -1.282631e+00 5.282714e-01 5.419880e-01 9.437877e-02 -1.974155e+00 2.908645e-01
9.751630e+00 2.002274e+00 -7.885563e-01 2.295166e-01 4.939027e-01 1.362708e-01 -1.936375e+00 1.575938e-01
2.016485e+01 6.471196e+00 -8.074324e+00 1.962099e-01 7.288250e-02 -1.601086e-01 -1.155154e-01 3.472248e-02
4.795882e+01 -2.746732e+01 -2.462737e+01 2.628953e-01 -1.445412e-01 -1.545844e-01 -3.516078e-02 5.695122e-02
9.245042e+00 1.891723e+00 -1.013154e+00 2.497841e-01 -1.504411e-01 2.740152e-01 -1.773840e+00 8.005448e-02
1.022104e+01 1.330215e+00 -1.018416e+00 -2.799092e-01 2.280703e-01 -3.561775e-01 -1.089330e+00 1.286138e-01
9.839129e+00 2.172753e+00 -1.424956e+00 6.744789e-01 1.912032e-01 5.107350e-01 -1.790608e+00 3.761654e-01
-5.003579e+01 -3.487051e+01 1.182394e+02 -3.513065e-01 -2.480570e-01 8.365103e-01 -1.487631e-02 4.423490e-01
9.428178e+00 2.624337e+00 -1.023483e+00 8.079393e-02 4.575327e-01 4.390172e-01 -1.961313e+00 2.043000e-01
9.921344e+00 2.294988e+00 -2.092618e+00 4.478755e-01 -1.932786e-02 -2.618241e-01 -1.131104e+00 1.347590e-01
-5.045294e+01 1.083315e+02 3.249221e+01 -3.457970e-01 7.663174e-01 2.308934e-01 -1.583416e-02 3.800649e-01
9.512667e+00 2.292694e+00 -2.048059e+00 6.965713e-01 -7.251908e-01 -4.276447e-02 -1.240768e+00 5.064710e-01
2.002903e+00 3.224828e+00 4.388940e+00 -3.617266e-01 4.822088e-02 3.687439e-01 -1.661407e-01 1.345717e-01
7.779089e+00 -1.527232e+01 4.288924e-01 5.692319e-02 -5.717457e-02 5.254356e-04 -9.178501e-02 3.254729e-03
7.514824e+00 1.363938e+01 8.527158e+00 5.530228e-02 2.133016e-01 1.757201e-01 -1.051010e-01 3.971673e-02
9.575544e+00 1.390732e+00 7.992764e-02 -4.642185e-01 -2.080566e-01 5.218329e-02 -9.201036e-01 1.307547e-01
1.133029e+01 2.651378e+00 4.930254e+00 1.730467e-01 7.409770e-02 -9.409200e-02 -2.404555e-01 2.214447e-02
6.171601e+00 9.947272e+00 8.233542e+01 4.394513e-02 6.331965e-02 5.316898e-01 -2.272331e-02 1.443173e-01
9.367475e+00 2.451531e+00 -7.589564e-01 1.134436e-01 4.536740e-01 4.836520e-01 -1.805182e+00 2.263044e-01
-2.975691e+01 4.033026e+01 2.712958e+01 -1.731392e-01 2.232206e-01 1.523587e-01 -3.015647e-02 5.150890e-02
9.596387e+00 2.307117e+00 -9.628497e-01 -4.274755e-01 -8.898805e-01 -6.029855e-01 -2.352352e+00 6.691071e-01
7.848720e+00 4.672349e+00 -1.572643e+00 2.188948e-01 -6.091108e-01 2.179186e-01 -4.609139e-01 2.332097e-01
1.197891e+02 5.769219e+01 -4.249259e+01 8.517310e-01 3.947858e-01 -2.907941e-01 -1.486498e-02 4.829314e-01
-3.572911e+01 5.859817e-01 -3.401163e+01 -1.842055e-01 5.432180e-03 -1.712855e-01 -3.309816e-02 3.164995e-02
7.013139e+00 4.069894e+00 6.442951e-01 6.353409e-01 5.938681e-02 -2.614517e-01 -4.007467e-01 2.377709e-01
6.737243e+00 2.999368e-01 -2.119577e+00 2.063488e-01 3.173108e-01 -1.999096e-01 -3.980589e-01 9.161491e-02
-2.680304e+01 6.501652e-01 3.903664e+01 -1.183412e-01 2.040197e-02 2.223305e-01 -3.429398e-02 3.192587e-02
9.405984e+00 2.333423e+00 -9.241797e-01 -1.437611e-01 3.333170e-02 5.690609e-01 -2.013979e+00 1.728043e-01
9.452211e+00 2.166839e+00 -1.433952e+00 4.487525e-01 -4.816819e-01 4.290576e-01 -1.874069e+00 3.087433e-01
1.075867e+01 5.478731e+00 1.486987e+01 1.004472e-01 3.360844e-02 5.316927e-02 -9.796311e-02 7.023073e-03
9.165087e+00 2.835433e+00 -9.816927e-01 4.614052e-01 -5.017798e-01 4.253715e-01 -1.415672e+00 3.228093e-01
9.494614e+00 2.000104e+00 -1.248451e+00 1.045554e-01 1.752408e+00 -3.622157e-01 -2.059831e+00 1.606533e+00
1.024869e+01 2.672099e+00 -1.443333e+00 5.496455e-01 6.269719e-01 4.701146e-02 -1.234269e+00 3.487070e-01
5.939629e+01 1.115282e+02 -5.536724e+01 4.287899e-01 7.880857e-01 -3.920893e-01 -1.450463e-02 4.793369e-01
-3.811580e+01 1.460999e+01 4.612173e+01 -2.235669e-01 8.842853e-02 2.771846e-01 -2.848638e-02 6.731652e-02
9.511214e+00 2.407291e+00 -1.572946e+00 8.541993e-02 -4.348659e-01 3.274488e-01 -1.692007e+00 1.518138e-01
9.741311e+00 1.863443e+00 -1.676435e+00 2.368904e-01 -7.019490e-01 8.726485e-01 -1.422592e+00 6.551824e-01
9.454897e+00 1.419437e+00 -1.267480e+00 5.836841e-01 4.637996e-02 -9.269072e-03 -1.441950e+00 1.714621e-01
9.213907e+00 1.791580e+00 -9.168458e-01 1.762231e-02 6.594841e-01 1.960690e-01 -1.700827e+00 2.368365e-01
9.518263e+00 2.239975e+00 -1.061463e+00 8.346313e-02 -2.526290e-01 -3.648819e-01 -2.256464e+00 1.019632e-01
9.597709e+00 2.381801e+00 -1.088226e+00 -6.081390e-02 3.288311e-01 5.272713e-01 -2.170268e+00 1.949216e-01
9.274263e+00 2.084686e+00 -2.431300e+00 -1.920755e-02 -1.359678e-01 -6.649393e-01 -9.293823e-01 2.305002e-01
9.541479e+00 1.879351e+00 -1.147564e+00 -2.104352e-01 4.117794e-01 -2.464394e-01 -2.139144e+00 1.372888e-01
1.003552e+01 2.394079e+00 -1.059715e+00 2.922655e-02 4.350265e-01 5.322435e-01 -1.791010e+00 2.366927e-01
-1.123823e+02 2.081400e+01 -3.346377e+01 -8.456796e-01 2.669738e-01 -3.258541e-01 -6.509898e-02 4.463149e-01
1.148095e+01 1.326886e+00 -2.294662e+00 -8.407424e-02 5.299383e-03 5.750962e-02 -5.518803e-01 5.201959e-03
9.358609e+00 1.618732e+00 -8.593800e-01 -5.890740e-01 -5.119696e-01 1.282748e-01 -1.575846e+00 3.127878e-01
1.970937e+01 -9.549074e+01 1.035499e+02 1.440423e-01 -6.790731e-01 7.381032e-01 -1.400974e-02 5.133424e-01
9.437357e+00 2.396342e+00 -1.690168e+00 1.634574e-01 3.916154e-01 -8.081388e-01 -1.551830e+00 4.165846e-01
-2.189631e+01 -3.024610e+01 -9.620365e+00 -7.422219e-02 -1.203843e-01 -4.472193e-02 -4.064769e-02 1.100068e-02
-9.094321e+00 1.526529e+01 1.300770e+01 -1.194685e-01 1.055600e-01 1.222355e-01 -6.248337e-02 2.017858e-02
4.064825e-01 1.103019e+00 -8.190392e+00 4.755494e-02 4.803881e-02 1.299770e-01 -1.335793e-01 1.073161e-02
9.490778e+00 2.198038e+00 -1.178811e+00 2.483934e-01 -1.413541e+00 -3.645709e-01 -2.329532e+00 1.096355e+00
-1.200895e+02 -1.345535e+00 -6.093489e+01 -8.453550e-01 1.530279e-03 -4.321838e-01 -1.627223e-02 4.507052e-01
9.053134e+00 3.256958e+00 -1.366468e+00 -6.350134e-01 1.122023e-01 -1.217422e-01 -9.895515e-01 2.153263e-01
9.799685e+00 2.148178e+00 -2.119458e+00 -3.321025e-01 -2.460643e-01 3.303945e-01 -1.148314e+00 1.400001e-01
-5.160462e+01 1.026983e+02 5.771948e+01 -3.583961e-01 7.229645e-01 4.047796e-01 -1.534563e-02 4.074860e-01
9.730080e+00 2.417617e+00 -7.822754e-01 2.711787e-01 8.426321e-02 -3.432811e-01 -1.884003e+00 9.924004e-02
4.292445e+01 -2.820576e+01 5.059225e+01 2.743553e-01 -1.544250e-01 3.098446e-01 -2.666262e-02 9.756078e-02
1.584334e+01 -1.845603e+00 1.463054e+00 1.340600e-01 1.075424e-01 -1.126728e-01 -1.918166e-01 2.111631e-02
-2.781791e+01 -3.895992e+01 -8.763603e+00 -1.103352e-01 -2.171149e-01 -5.685025e-02 -3.354705e-02 3.127235e-02
8.991020e+00 1.319610e+00 -7.334039e-01 2.631334e-01 -7.456681e-03 2.793725e-01 -1.098293e+00 7.367189e-02
9.978268e+00 2.169130e+00 -1.477622e+00 -5.785710e-01 -9.839515e-01 -2.453308e-01 -1.583755e+00 6.815461e-01
9.510928e+00 2.221901e+00 -1.175395e+00 -2.703643e-02 5.579729e-01 -1.125223e-01 -2.358554e+00 1.623630e-01
9.160806e+00 2.438508e+00 -1.591226e+00 4.398570e-01 -2.523568e-01 -4.816389e-01 -1.449689e+00 2.445671e-01
8.016252e+01 8.045387e+00 7.792450e+01 5.566498e-01 5.397731e-02 5.292305e-01 -1.784954e-02 2.964287e-01
9.488228e+00 1.837351e+00 -1.212654e+00 8.050720e-01 7.164182e-01 -2.339546e-01 -1.963563e+00 6.080653e-01
-5.803764e+00 2.372008e+01 1.009075e+02 -3.877261e-02 1.523238e-01 6.887043e-01 -1.856005e-02 2.495097e-01
9.155236e+00 2.682820e+00 -9.334220e-01 -1.716506e-01 -6.619051e-01 7.773721e-02 -1.532076e+00 2.368127e-01
