5.830286e+00 -1.958616e+00 1.249051e+00 0.000000e+00 0.000000e+00 0.000000e+00 -3.047521e-01 0.000000e+00
2.646338e+00 -1.310509e+00 -4.366149e+00 0.000000e+00 0.000000e+00 0.000000e+00 -3.300082e-01 0.000000e+00
5.277097e+00 3.419143e+00 -3.761478e+00 0.000000e+00 0.000000e+00 0.000000e+00 -2.602257e-01 0.000000e+00
-2.116956e+00 -3.880627e+00 1.687047e+00 0.000000e+00 0.000000e+00 0.000000e+00 -3.604500e-01 0.000000e+00
1.984230e+00 -6.023191e+00 7.716745e-01 0.000000e+00 0.000000e+00 0.000000e+00 -2.940990e-01 0.000000e+00
-5.948167e+00 -4.404047e+00 4.951078e-01 0.000000e+00 0.000000e+00 0.000000e+00 -2.798566e-01 0.000000e+00
5.723737e+00 -4.239138e+00 1.040073e+00 0.000000e+00 0.000000e+00 0.000000e+00 -2.794840e-01 0.000000e+00
2.263575e+00 3.164091e+00 -5.481157e+00 0.000000e+00 0.000000e+00 0.000000e+00 -2.831171e-01 0.000000e+00
-5.406677e+00 -2.313615e+00 9.075962e-01 0.000000e+00 0.000000e+00 0.000000e+00 -3.385204e-01 0.000000e+00
1.666598e-01 4.092263e-14 -2.650654e+00 0.000000e+00 0.000000e+00 0.000000e+00 -4.020365e-01 0.000000e+00
1.477547e+00 2.975371e+00 -9.345110e-01 0.000000e+00 0.000000e+00 0.000000e+00 -3.545386e-01 0.000000e+00
5.175260e+00 3.390099e+00 -1.582198e-01 0.000000e+00 0.000000e+00 0.000000e+00 -2.968891e-01 0.000000e+00
-5.845593e+00 1.720892e+00 -3.845088e+00 0.000000e+00 0.000000e+00 0.000000e+00 -2.861258e-01 0.000000e+00
5.677408e+00 -2.596524e+00 8.577745e-01 0.000000e+00 0.000000e+00 0.000000e+00 -3.051028e-01 0.000000e+00
4.970062e+00 6.818126e-01 -4.331971e-01 0.000000e+00 0.000000e+00 0.000000e+00 -3.267751e-01 0.000000e+00
1.638851e+00 5.419818e-01 1.090509e+00 0.000000e+00 0.000000e+00 0.000000e+00 -3.940771e-01 0.000000e+00
-4.274188e+00 9.791130e-01 2.685249e+00 0.000000e+00 0.000000e+00 0.000000e+00 -3.682849e-01 0.000000e+00
-2.426809e+00 -1.157436e+00 -1.868022e+00 0.000000e+00 0.000000e+00 0.000000e+00 -3.789462e-01 0.000000e+00
1.556277e+00 5.173285e+00 3.384022e+00 0.000000e+00 0.000000e+00 0.000000e+00 -2.872439e-01 0.000000e+00
-9.946200e-02 6.707756e+00 -2.959327e+00 0.000000e+00 0.000000e+00 0.000000e+00 -2.662411e-01 0.000000e+00
-3.263538e+00 -6.557019e-01 5.164284e+00 0.000000e+00 0.000000e+00 0.000000e+00 -3.082625e-01 0.000000e+00
-2.042752e+00 1.169311e+00 -3.170818e+00 0.000000e+00 0.000000e+00 0.000000e+00 -3.781697e-01 0.000000e+00
3.229474e+00 -4.373409e+00 4.082807e+00 0.000000e+00 0.000000e+00 0.000000e+00 -2.962394e-01 0.000000e+00
2.133712e+00 -5.346943e+00 -4.587041e+00 0.000000e+00 0.000000e+00 0.000000e+00 -2.729421e-01 0.000000e+00
-3.442742e+00 -1.636284e+00 -6.059551e+00 0.000000e+00 0.000000e+00 0.000000e+00 -2.925611e-01 0.000000e+00
4.747589e+00 -4.520595e-01 -5.634578e+00 0.000000e+00 0.000000e+00 0.000000e+00 -2.660774e-01 0.000000e+00
-4.232827e+00 -2.694681e+00 -1.984618e+00 0.000000e+00 0.000000e+00 0.000000e+00 -3.290422e-01 0.000000e+00
-2.941121e-02 -1.338932e+00 1.203347e+00 0.000000e+00 0.000000e+00 0.000000e+00 -3.979667e-01 0.000000e+00
-5.062283e+00 1.346963e+00 -2.092054e+00 0.000000e+00 0.000000e+00 0.000000e+00 -3.322047e-01 0.000000e+00
6.279461e-01 -2.852712e+00 -3.870045e+00 0.000000e+00 0.000000e+00 0.000000e+00 -3.421402e-01 0.000000e+00
6.481968e+00 8.123122e-01 -1.638244e+00 0.000000e+00 0.000000e+00 0.000000e+00 -2.942014e-01 0.000000e+00
1.792617e+00 5.028554e+00 2.283816e+00 0.000000e+00 0.000000e+00 0.000000e+00 -3.105838e-01 0.000000e+00
1.459182e+00 -2.159260e+00 -4.733014e+00 0.000000e+00 0.000000e+00 0.000000e+00 -3.259968e-01 0.000000e+00
6.634161e+00 -3.773374e+00 3.766810e-01 0.000000e+00 0.000000e+00 0.000000e+00 -2.643526e-01 0.000000e+00
-5.116361e-01 -1.103854e+00 7.126356e-01 0.000000e+00 0.000000e+00 0.000000e+00 -4.024985e-01 0.000000e+00
-3.078773e+00 -3.055904e+00 -4.875200e+00 0.000000e+00 0.000000e+00 0.000000e+00 -3.054361e-01 0.000000e+00
6.199399e-01 -4.687306e+00 -3.804753e+00 0.000000e+00 0.000000e+00 0.000000e+00 -3.143292e-01 0.000000e+00
-4.765075e+00 -6.155304e-01 5.077392e+00 0.000000e+00 0.000000e+00 0.000000e+00 -2.933969e-01 0.000000e+00
-6.320140e+00 -3.777151e-01 -2.506765e+00 0.000000e+00 0.000000e+00 0.000000e+00 -2.947203e-01 0.000000e+00
-2.435818e+00 2.685505e+00 4.144179e+00 0.000000e+00 0.000000e+00 0.000000e+00 -3.248980e-01 0.000000e+00
-6.107657e+00 -9.772893e-01 -9.021835e-01 0.000000e+00 0.000000e+00 0.000000e+00 -3.120590e-01 0.000000e+00
-2.674386e+00 -4.721632e+00 -4.738105e+00 0.000000e+00 0.000000e+00 0.000000e+00 -2.814062e-01 0.000000e+00
1.564230e+00 -1.845394e+00 1.545784e+00 0.000000e+00 0.000000e+00 0.000000e+00 -3.799113e-01 0.000000e+00
3.073871e+00 -6.521003e-01 -1.103843e+00 0.000000e+00 0.000000e+00 0.000000e+00 -3.679525e-01 0.000000e+00
-4.489886e-01 3.498477e+00 -5.727170e+00 0.000000e+00 0.000000e+00 0.000000e+00 -2.860151e-01 0.000000e+00
2.337720e+00 -5.887266e+00 -4.545679e-01 0.000000e+00 0.000000e+00 0.000000e+00 -2.990095e-01 0.000000e+00
-6.802899e+00 -5.226289e-01 1.198587e+00 0.000000e+00 0.000000e+00 0.000000e+00 -3.037881e-01 0.000000e+00
5.177448e+00 -5.397489e+00 1.180714e+00 0.000000e+00 0.000000e+00 0.000000e+00 -2.650382e-01 0.000000e+00
-2.105482e+00 3.636453e+00 -9.221062e-01 0.000000e+00 0.000000e+00 0.000000e+00 -3.528761e-01 0.000000e+00
3.865196e+00 3.274777e+00 5.041042e+00 0.000000e+00 0.000000e+00 0.000000e+00 -2.705706e-01 0.000000e+00
2.242049e+00 -6.530976e-01 3.209001e+00 0.000000e+00 0.000000e+00 0.000000e+00 -3.792092e-01 0.000000e+00
-3.185131e-01 -7.513702e-01 -9.142657e-01 0.000000e+00 0.000000e+00 0.000000e+00 -4.078527e-01 0.000000e+00
5.063274e+00 1.599538e-02 -3.939723e+00 0.000000e+00 0.000000e+00 0.000000e+00 -3.111008e-01 0.000000e+00
-1.355012e+00 1.355708e+00 -5.617844e+00 0.000000e+00 0.000000e+00 0.000000e+00 -3.468924e-01 0.000000e+00
1.106991e+00 -4.902730e+00 -5.845874e-01 0.000000e+00 0.000000e+00 0.000000e+00 -3.318073e-01 0.000000e+00
4.163726e+00 -5.484103e+00 3.581506e-01 0.000000e+00 0.000000e+00 0.000000e+00 -2.799882e-01 0.000000e+00
-5.015072e-01 4.875332e+00 3.373326e+00 0.000000e+00 0.000000e+00 0.000000e+00 -2.973054e-01 0.000000e+00
2.241393e+00 6.479723e+00 -7.284315e-01 0.000000e+00 0.000000e+00 0.000000e+00 -2.800853e-01 0.000000e+00
-4.906362e+00 -1.337974e-01 -3.375911e+00 0.000000e+00 0.000000e+00 0.000000e+00 -3.221774e-01 0.000000e+00
4.982303e+00 -1.077806e+00 3.051953e+00 0.000000e+00 0.000000e+00 0.000000e+00 -3.164973e-01 0.000000e+00
3.357212e+00 -3.621917e+00 -5.304785e+00 0.000000e+00 0.000000e+00 0.000000e+00 -2.763801e-01 0.000000e+00
3.143310e+00 3.587773e-01 5.912517e+00 0.000000e+00 0.000000e+00 0.000000e+00 -2.943182e-01 0.000000e+00
1.406573e+00 -4.331623e+00 -4.638644e+00 0.000000e+00 0.000000e+00 0.000000e+00 -3.010604e-01 0.000000e+00
3.842351e+00 -2.496995e+00 3.008575e+00 0.000000e+00 0.000000e+00 0.000000e+00 -3.364221e-01 0.000000e+00
3.509295e+00 -1.281187e+00 4.503353e+00 0.000000e+00 0.000000e+00 0.000000e+00 -3.281949e-01 0.000000e+00
3.082225e+00 5.067425e+00 -9.021008e-01 0.000000e+00 0.000000e+00 0.000000e+00 -2.947087e-01 0.000000e+00
6.790057e+00 1.345230e+00 1.537708e+00 0.000000e+00 0.000000e+00 0.000000e+00 -2.828898e-01 0.000000e+00
3.039537e+00 6.731466e+00 3.715557e-01 0.000000e+00 0.000000e+00 0.000000e+00 -2.604985e-01 0.000000e+00
-9.385895e-01 2.424299e+00 4.947936e+00 0.000000e+00 0.000000e+00 0.000000e+00 -3.170858e-01 0.000000e+00
2.748607e+00 -1.282607e+00 4.390695e+00 0.000000e+00 0.000000e+00 0.000000e+00 -3.414303e-01 0.000000e+00
-6.793975e+00 -1.420874e+00 3.066853e+00 0.000000e+00 0.000000e+00 0.000000e+00 -2.746327e-01 0.000000e+00
3.374184e-01 -2.956588e+00 1.735925e+00 0.000000e+00 0.000000e+00 0.000000e+00 -3.643110e-01 0.000000e+00
9.562517e-01 -1.249458e+00 -1.348333e+00 0.000000e+00 0.000000e+00 0.000000e+00 -4.010542e-01 0.000000e+00
-4.420818e+00 2.464714e+00 -2.256987e+00 0.000000e+00 0.000000e+00 0.000000e+00 -3.312340e-01 0.000000e+00
-3.347192e+00 1.875445e+00 -4.016565e+00 0.000000e+00 0.000000e+00 0.000000e+00 -3.298492e-01 0.000000e+00
-4.196315e-01 1.297592e+00 -4.554476e+00 0.000000e+00 0.000000e+00 0.000000e+00 -3.483642e-01 0.000000e+00
4.993053e+00 1.185772e+00 -3.449737e+00 0.000000e+00 0.000000e+00 0.000000e+00 -3.149192e-01 0.000000e+00
-4.527934e+00 1.558180e-01 5.382357e+00 0.000000e+00 0.000000e+00 0.000000e+00 -2.895073e-01 0.000000e+00
3.795563e+00 1.475320e+00 -4.767811e+00 0.000000e+00 0.000000e+00 0.000000e+00 -2.998518e-01 0.000000e+00
-3.492104e+00 5.358992e+00 -5.545673e-01 0.000000e+00 0.000000e+00 0.000000e+00 -2.997141e-01 0.000000e+00
-3.145782e+00 -1.864412e+00 -6.166785e+00 0.000000e+00 0.000000e+00 0.000000e+00 -2.915289e-01 0.000000e+00
-3.568808e+00 2.486131e+00 7.547107e-01 0.000000e+00 0.000000e+00 0.000000e+00 -3.631890e-01 0.000000e+00
2.696519e+00 -2.166523e+00 -2.937755e+00 0.000000e+00 0.000000e+00 0.000000e+00 -3.612799e-01 0.000000e+00
4.175275e+00 3.716015e+00 -5.214690e+00 0.000000e+00 0.000000e+00 0.000000e+00 -2.527047e-01 0.000000e+00
-2.154383e+00 -4.698100e+00 4.122858e+00 0.000000e+00 0.000000e+00 0.000000e+00 -2.951576e-01 0.000000e+00
-3.021910e+00 5.551035e+00 3.412558e+00 0.000000e+00 0.000000e+00 0.000000e+00 -2.636562e-01 0.000000e+00
-9.278155e-01 -5.082220e+00 1.720482e+00 0.000000e+00 0.000000e+00 0.000000e+00 -3.190582e-01 0.000000e+00
-5.424618e+00 -4.508616e+00 -1.216780e+00 0.000000e+00 0.000000e+00 0.000000e+00 -2.865239e-01 0.000000e+00
3.641596e-01 -2.400088e+00 -1.227958e+00 0.000000e+00 0.000000e+00 0.000000e+00 -3.896048e-01 0.000000e+00
-5.287782e+00 -3.894907e+00 1.851579e-01 0.000000e+00 0.000000e+00 0.000000e+00 -3.068949e-01 0.000000e+00
2.218886e+00 4.784893e+00 -2.606207e+00 0.000000e+00 0.000000e+00 0.000000e+00 -3.002407e-01 0.000000e+00
-3.108778e+00 -3.904754e+00 2.773019e+00 0.000000e+00 0.000000e+00 0.000000e+00 -3.198755e-01 0.000000e+00
-5.209103e+00 -4.773064e+00 1.720308e+00 0.000000e+00 0.000000e+00 0.000000e+00 -2.783532e-01 0.000000e+00
8.439719e-01 1.837000e+00 -8.411214e-01 0.000000e+00 0.000000e+00 0.000000e+00 -3.794419e-01 0.000000e+00
3.278236e+00 1.893385e-01 6.897669e+00 0.000000e+00 0.000000e+00 0.000000e+00 -2.625222e-01 0.000000e+00
2.047896e+00 7.038994e+00 1.560371e+00 0.000000e+00 0.000000e+00 0.000000e+00 -2.585610e-01 0.000000e+00
-5.397539e+00 -2.120082e+00 5.459557e-01 0.000000e+00 0.000000e+00 0.000000e+00 -3.453527e-01 0.000000e+00
-3.934386e+00 1.285142e+00 -1.733913e+00 0.000000e+00 0.000000e+00 0.000000e+00 -3.621118e-01 0.000000e+00
4.226551e-01 1.936493e+00 -4.097488e+00 0.000000e+00 0.000000e+00 0.000000e+00 -3.422870e-01 0.000000e+00
-2.848732e+00 -1.441670e+00 4.744488e+00 0.000000e+00 0.000000e+00 0.000000e+00 -3.182647e-01 0.000000e+00
-3.479246e+00 -5.061805e+00 -1.851419e+00 0.000000e+00 0.000000e+00 0.000000e+00 -2.946893e-01 0.000000e+00
-1.420360e+00 1.146068e+00 -4.704391e+00 0.000000e+00 0.000000e+00 0.000000e+00 -3.531829e-01 0.000000e+00
6.226781e+00 4.040235e+00 -8.307878e-01 0.000000e+00 0.000000e+00 0.000000e+00 -2.595171e-01 0.000000e+00
6.271273e+00 -3.382057e+00 1.544549e+00 0.000000e+00 0.000000e+00 0.000000e+00 -2.785928e-01 0.000000e+00
6.690878e+00 6.204802e-01 2.704739e+00 0.000000e+00 0.000000e+00 0.000000e+00 -2.742580e-01 0.000000e+00
5.867404e-01 6.220464e-01 -1.589796e+00 0.000000e+00 0.000000e+00 0.000000e+00 -3.961191e-01 0.000000e+00
-1.000342e+00 8.153605e-01 1.383929e+00 0.000000e+00 0.000000e+00 0.000000e+00 -4.087813e-01 0.000000e+00
3.763511e+00 -1.938846e+00 5.165716e+00 0.000000e+00 0.000000e+00 0.000000e+00 -3.196972e-01 0.000000e+00
-1.037169e+00 -1.524312e+00 -2.941556e+00 0.000000e+00 0.000000e+00 0.000000e+00 -3.826137e-01 0.000000e+00
7.071732e+00 1.445220e-01 3.778244e-01 0.000000e+00 0.000000e+00 0.000000e+00 -2.813667e-01 0.000000e+00
-4.015010e+00 -5.830259e+00 6.525008e-01 0.000000e+00 0.000000e+00 0.000000e+00 -2.826195e-01 0.000000e+00
-6.154001e-01 -4.183150e+00 -2.398265e+00 0.000000e+00 0.000000e+00 0.000000e+00 -3.531365e-01 0.000000e+00
3.836235e+00 4.540792e+00 -2.028298e-01 0.000000e+00 0.000000e+00 0.000000e+00 -2.972949e-01 0.000000e+00
5.868073e+00 4.312945e+00 6.138271e-02 0.000000e+00 0.000000e+00 0.000000e+00 -2.652841e-01 0.000000e+00
5.785807e+00 3.657540e-01 4.869119e+00 0.000000e+00 0.000000e+00 0.000000e+00 -2.678019e-01 0.000000e+00
1.548902e+00 1.903291e-01 2.621095e+00 0.000000e+00 0.000000e+00 0.000000e+00 -3.853683e-01 0.000000e+00
3.808814e+00 9.261230e-01 -3.093291e+00 0.000000e+00 0.000000e+00 0.000000e+00 -3.426432e-01 0.000000e+00
-3.683848e+00 1.266073e+00 1.219483e+00 0.000000e+00 0.000000e+00 0.000000e+00 -3.708584e-01 0.000000e+00
-5.913752e+00 4.783105e-01 1.861185e+00 0.000000e+00 0.000000e+00 0.000000e+00 -3.200410e-01 0.000000e+00
-4.177794e+00 5.261840e+00 -1.455818e+00 0.000000e+00 0.000000e+00 0.000000e+00 -2.846791e-01 0.000000e+00
-5.301055e-01 -3.306844e+00 -1.408682e+00 0.000000e+00 0.000000e+00 0.000000e+00 -3.779509e-01 0.000000e+00
3.529623e+00 -2.215789e+00 2.291553e+00 0.000000e+00 0.000000e+00 0.000000e+00 -3.569017e-01 0.000000e+00
2.164410e+00 2.337654e+00 4.131104e+00 0.000000e+00 0.000000e+00 0.000000e+00 -3.264016e-01 0.000000e+00
4.083793e+00 1.939844e+00 7.461976e-01 0.000000e+00 0.000000e+00 0.000000e+00 -3.347651e-01 0.000000e+00
-2.294166e+00 -6.162938e+00 -2.751642e+00 0.000000e+00 0.000000e+00 0.000000e+00 -2.766965e-01 0.000000e+00
4.030164e+00 -3.845388e+00 3.111839e+00 0.000000e+00 0.000000e+00 0.000000e+00 -3.110531e-01 0.000000e+00
3.218866e+00 -3.547580e+00 4.578393e+00 0.000000e+00 0.000000e+00 0.000000e+00 -3.034591e-01 0.000000e+00
5.642629e+00 3.977730e+00 1.764283e+00 0.000000e+00 0.000000e+00 0.000000e+00 -2.679798e-01 0.000000e+00
3.228873e+00 -1.512914e+00 -3.954538e-01 0.000000e+00 0.000000e+00 0.000000e+00 -3.600644e-01 0.000000e+00
2.626461e+00 -9.899086e-01 2.764143e+00 0.000000e+00 0.000000e+00 0.000000e+00 -3.751630e-01 0.000000e+00
3.190032e+00 -4.906207e+00 2.304246e+00 0.000000e+00 0.000000e+00 0.000000e+00 -3.026948e-01 0.000000e+00
6.602139e+00 -7.637917e-01 -2.108943e+00 0.000000e+00 0.000000e+00 0.000000e+00 -2.813242e-01 0.000000e+00
1.790817e+00 6.956146e+00 -1.129670e+00 0.000000e+00 0.000000e+00 0.000000e+00 -2.779837e-01 0.000000e+00
5.364491e+00 7.259948e-01 -3.044383e+00 0.000000e+00 0.000000e+00 0.000000e+00 -3.452676e-01 0.000000e+00
3.417514e-01 4.888779e-02 -3.259886e+00 0.000000e+00 0.000000e+00 0.000000e+00 -3.826461e-01 0.000000e+00
-3.820197e+00 -3.942381e+00 3.593798e+00 0.000000e+00 0.000000e+00 0.000000e+00 -2.964357e-01 0.000000e+00
1.165103e+00 -4.505809e+00 -5.706097e+00 0.000000e+00 0.000000e+00 0.000000e+00 -2.748869e-01 0.000000e+00
6.159864e-01 -4.151674e+00 4.286133e+00 0.000000e+00 0.000000e+00 0.000000e+00 -3.074857e-01 0.000000e+00
6.912891e-01 -4.539043e+00 -2.179250e+00 0.000000e+00 0.000000e+00 0.000000e+00 -3.386512e-01 0.000000e+00
1.757553e+00 5.180013e+00 -2.430091e+00 0.000000e+00 0.000000e+00 0.000000e+00 -2.987892e-01 0.000000e+00
-2.469297e+00 5.808233e+00 -1.223956e+00 0.000000e+00 0.000000e+00 0.000000e+00 -2.922667e-01 0.000000e+00
-1.618150e+00 9.481475e-01 2.030630e+00 0.000000e+00 0.000000e+00 0.000000e+00 -4.062323e-01 0.000000e+00
4.755397e+00 1.343126e+00 3.048805e+00 0.000000e+00 0.000000e+00 0.000000e+00 -3.186110e-01 0.000000e+00
-7.524435e+00 4.588271e-01 5.032437e-01 0.000000e+00 0.000000e+00 0.000000e+00 -2.779826e-01 0.000000e+00
-2.008739e+00 5.631302e-01 5.170476e+00 0.000000e+00 0.000000e+00 0.000000e+00 -3.200272e-01 0.000000e+00
-1.937092e+00 4.568777e-01 -4.922116e+00 0.000000e+00 0.000000e+00 0.000000e+00 -3.501160e-01 0.000000e+00
2.089241e+00 -2.274158e+00 6.072959e+00 0.000000e+00 0.000000e+00 0.000000e+00 -2.837723e-01 0.000000e+00
3.416516e-01 5.807664e+00 -4.397565e+00 0.000000e+00 0.000000e+00 0.000000e+00 -2.629041e-01 0.000000e+00
-1.275290e+00 -1.786819e+00 -5.988489e-01 0.000000e+00 0.000000e+00 0.000000e+00 -3.982609e-01 0.000000e+00
-1.827709e+00 -5.140203e+00 -4.809072e+00 0.000000e+00 0.000000e+00 0.000000e+00 -2.926969e-01 0.000000e+00
-5.645712e+00 -2.158790e+00 1.155560e-01 0.000000e+00 0.000000e+00 0.000000e+00 -3.348040e-01 0.000000e+00
-4.320883e+00 -2.636416e+00 -5.353573e+00 0.000000e+00 0.000000e+00 0.000000e+00 -2.784160e-01 0.000000e+00
6.859458e-01 -9.534411e-01 -2.688537e+00 0.000000e+00 0.000000e+00 0.000000e+00 -3.899418e-01 0.000000e+00
-5.438847e+00 2.726671e+00 -2.468111e-01 0.000000e+00 0.000000e+00 0.000000e+00 -3.160237e-01 0.000000e+00
7.205036e+00 -8.859948e-01 1.598206e+00 0.000000e+00 0.000000e+00 0.000000e+00 -2.693804e-01 0.000000e+00
1.795131e-02 -6.859767e+00 3.245096e+00 0.000000e+00 0.000000e+00 0.000000e+00 -2.639837e-01 0.000000e+00
1.751341e+00 3.251047e-01 -9.521704e-01 0.000000e+00 0.000000e+00 0.000000e+00 -3.928057e-01 0.000000e+00
2.351413e+00 1.305739e+00 -2.569168e+00 0.000000e+00 0.000000e+00 0.000000e+00 -3.606784e-01 0.000000e+00
7.650680e-02 -1.861483e+00 3.392067e+00 0.000000e+00 0.000000e+00 0.000000e+00 -3.589248e-01 0.000000e+00
-3.539325e+00 -2.328459e+00 -4.877253e+00 0.000000e+00 0.000000e+00 0.000000e+00 -3.080967e-01 0.000000e+00
4.558623e+00 2.002446e+00 -2.783357e+00 0.000000e+00 0.000000e+00 0.000000e+00 -3.137976e-01 0.000000e+00
1.785593e+00 -6.002447e-01 -5.773038e-01 0.000000e+00 0.000000e+00 0.000000e+00 -3.949790e-01 0.000000e+00
6.121963e+00 -1.031808e+00 3.826728e+00 0.000000e+00 0.000000e+00 0.000000e+00 -2.752540e-01 0.000000e+00
-1.428082e+00 9.688148e-01 1.874660e+00 0.000000e+00 0.000000e+00 0.000000e+00 -4.115393e-01 0.000000e+00
1.943264e+00 7.279041e+00 -1.169033e+00 0.000000e+00 0.000000e+00 0.000000e+00 -2.658602e-01 0.000000e+00
3.462020e+00 1.553248e+00 5.759120e+00 0.000000e+00 0.000000e+00 0.000000e+00 -2.855780e-01 0.000000e+00
4.163649e+00 3.814963e-01 5.362741e+00 0.000000e+00 0.000000e+00 0.000000e+00 -2.918106e-01 0.000000e+00
-5.516196e+00 -3.045616e-01 4.878831e+00 0.000000e+00 0.000000e+00 0.000000e+00 -2.817285e-01 0.000000e+00
1.409453e+00 6.714464e+00 6.315053e-01 0.000000e+00 0.000000e+00 0.000000e+00 -2.788950e-01 0.000000e+00
-4.470601e+00 -1.153656e+00 3.884850e+00 0.000000e+00 0.000000e+00 0.000000e+00 -3.203313e-01 0.000000e+00
-1.541956e+00 2.782701e-01 -4.976188e+00 0.000000e+00 0.000000e+00 0.000000e+00 -3.513628e-01 0.000000e+00
-1.514804e+00 -5.075994e+00 -1.146232e+00 0.000000e+00 0.000000e+00 0.000000e+00 -3.221390e-01 0.000000e+00
1.438724e+00 -4.535887e+00 1.760154e-01 0.000000e+00 0.000000e+00 0.000000e+00 -3.375296e-01 0.000000e+00
9.969025e-01 4.082721e+00 -4.576208e+00 0.000000e+00 0.000000e+00 0.000000e+00 -2.930843e-01 0.000000e+00
4.988198e-02 -6.115394e+00 3.555790e+00 0.000000e+00 0.000000e+00 0.000000e+00 -2.796897e-01 0.000000e+00
-7.059915e-01 -4.991860e+00 -1.868490e+00 0.000000e+00 0.000000e+00 0.000000e+00 -3.331479e-01 0.000000e+00
-4.857939e-01 3.780805e+00 4.650757e+00 0.000000e+00 0.000000e+00 0.000000e+00 -2.982428e-01 0.000000e+00
-3.945878e+00 6.032605e+00 -1.028279e+00 0.000000e+00 0.000000e+00 0.000000e+00 -2.735547e-01 0.000000e+00
-4.457384e+00 1.226942e+00 -5.415574e-01 0.000000e+00 0.000000e+00 0.000000e+00 -3.566928e-01 0.000000e+00
5.363427e+00 -2.813212e+00 -4.216168e+00 0.000000e+00 0.000000e+00 0.000000e+00 -2.700436e-01 0.000000e+00
6.908087e+00 -2.700419e+00 9.397790e-01 0.000000e+00 0.000000e+00 0.000000e+00 -2.709470e-01 0.000000e+00
5.188212e+00 -2.352515e+00 -3.595414e+00 0.000000e+00 0.000000e+00 0.000000e+00 -2.888298e-01 0.000000e+00
-7.034207e+00 1.871785e+00 7.261829e-01 0.000000e+00 0.000000e+00 0.000000e+00 -2.791934e-01 0.000000e+00
1.465611e-01 -1.355868e+00 -6.586797e-01 0.000000e+00 0.000000e+00 0.000000e+00 -4.083732e-01 0.000000e+00
1.920904e+00 5.211376e-01 -5.482185e+00 0.000000e+00 0.000000e+00 0.000000e+00 -3.091806e-01 0.000000e+00
-4.925027e+00 -3.938559e-01 1.478751e+00 0.000000e+00 0.000000e+00 0.000000e+00 -3.465414e-01 0.000000e+00
-1.454065e-02 7.317190e-01 1.455721e+00 0.000000e+00 0.000000e+00 0.000000e+00 -4.185643e-01 0.000000e+00
1.192665e+00 6.725524e+00 -7.077164e-01 0.000000e+00 0.000000e+00 0.000000e+00 -2.802356e-01 0.000000e+00
-5.233290e-01 9.732372e-01 3.643278e+00 0.000000e+00 0.000000e+00 0.000000e+00 -3.736729e-01 0.000000e+00
3.374750e+00 4.621064e+00 3.559878e+00 0.000000e+00 0.000000e+00 0.000000e+00 -2.759714e-01 0.000000e+00
4.756983e+00 -3.237438e+00 1.144474e+00 0.000000e+00 0.000000e+00 0.000000e+00 -3.141920e-01 0.000000e+00
-3.146928e+00 -2.909952e-01 -4.889643e-01 0.000000e+00 0.000000e+00 0.000000e+00 -3.840474e-01 0.000000e+00
3.833373e+00 -3.615638e+00 -4.149289e+00 0.000000e+00 0.000000e+00 0.000000e+00 -2.910655e-01 0.000000e+00
-2.776435e+00 -2.670676e+00 -5.324284e+00 0.000000e+00 0.000000e+00 0.000000e+00 -3.046494e-01 0.000000e+00
7.014883e+00 2.959013e-01 -1.791341e+00 0.000000e+00 0.000000e+00 0.000000e+00 -2.798716e-01 0.000000e+00
2.727843e+00 -2.310314e+00 -3.139005e+00 0.000000e+00 0.000000e+00 0.000000e+00 -3.567079e-01 0.000000e+00
7.104047e+00 1.077173e+00 1.057273e+00 0.000000e+00 0.000000e+00 0.000000e+00 -2.791835e-01 0.000000e+00
-2.277777e+00 2.119353e+00 6.020655e+00 0.000000e+00 0.000000e+00 0.000000e+00 -3.079634e-01 0.000000e+00
3.061954e+00 -6.119449e+00 2.905260e+00 0.000000e+00 0.000000e+00 0.000000e+00 -2.671904e-01 0.000000e+00
5.076976e+00 1.211693e+00 1.485284e+00 0.000000e+00 0.000000e+00 0.000000e+00 -3.212236e-01 0.000000e+00
-2.538936e+00 -3.170424e-01 6.981507e+00 0.000000e+00 0.000000e+00 0.000000e+00 -2.612933e-01 0.000000e+00
-5.056441e+00 1.743733e+00 -5.775498e-01 0.000000e+00 0.000000e+00 0.000000e+00 -3.387727e-01 0.000000e+00
5.359488e+00 6.645204e-01 -2.931692e+00 0.000000e+00 0.000000e+00 0.000000e+00 -3.462492e-01 0.000000e+00
1.154666e-01 3.864992e+00 -3.344257e-01 0.000000e+00 0.000000e+00 0.000000e+00 -3.488548e-01 0.000000e+00
-4.163441e+00 1.264871e+00 -5.469895e+00 0.000000e+00 0.000000e+00 0.000000e+00 -2.883820e-01 0.000000e+00
-1.588293e+00 3.671445e+00 -5.515127e+00 0.000000e+00 0.000000e+00 0.000000e+00 -2.836937e-01 0.000000e+00
5.369474e+00 -5.020960e+00 5.607139e-02 0.000000e+00 0.000000e+00 0.000000e+00 -2.690495e-01 0.000000e+00
-2.645337e+00 2.532795e+00 -1.368846e+00 0.000000e+00 0.000000e+00 0.000000e+00 -3.651613e-01 0.000000e+00
-2.157997e+00 -1.979079e+00 -4.091017e+00 0.000000e+00 0.000000e+00 0.000000e+00 -3.399802e-01 0.000000e+00
-1.111381e+00 7.347464e-01 -5.853884e+00 0.000000e+00 0.000000e+00 0.000000e+00 -3.570520e-01 0.000000e+00
-3.317872e+00 2.799080e+00 -1.925193e+00 0.000000e+00 0.000000e+00 0.000000e+00 -3.479347e-01 0.000000e+00
-3.461682e+00 2.313714e+00 4.479565e+00 0.000000e+00 0.000000e+00 0.000000e+00 -3.079697e-01 0.000000e+00
4.927114e+00 -3.292921e+00 -2.870311e+00 0.000000e+00 0.000000e+00 0.000000e+00 -2.916251e-01 0.000000e+00
2.130908e+00 -2.029668e+00 4.351596e+00 0.000000e+00 0.000000e+00 0.000000e+00 -3.374473e-01 0.000000e+00
-3.544099e+00 -6.164629e+00 9.931324e-01 0.000000e+00 0.000000e+00 0.000000e+00 -2.808978e-01 0.000000e+00
-3.992050e+00 -5.428041e+00 2.579943e+00 0.000000e+00 0.000000e+00 0.000000e+00 -2.797421e-01 0.000000e+00
-5.180683e-01 -1.163850e+00 -2.996415e+00 0.000000e+00 0.000000e+00 0.000000e+00 -3.892822e-01 0.000000e+00
2.103821e+00 1.569107e-02 4.359768e+00 0.000000e+00 0.000000e+00 0.000000e+00 -3.452256e-01 0.000000e+00
-5.395302e+00 9.841955e-01 -3.578857e+00 0.000000e+00 0.000000e+00 0.000000e+00 -3.110274e-01 0.000000e+00
-5.796917e+00 -1.315935e+00 3.543545e+00 0.000000e+00 0.000000e+00 0.000000e+00 -2.934563e-01 0.000000e+00
-4.712687e+00 -3.059106e+00 1.888978e+00 0.000000e+00 0.000000e+00 0.000000e+00 -3.176248e-01 0.000000e+00
2.632778e+00 -2.174504e+00 -5.879326e+00 0.000000e+00 0.000000e+00 0.000000e+00 -2.876107e-01 0.000000e+00
-5.009845e+00 1.303042e+00 4.212977e+00 0.000000e+00 0.000000e+00 0.000000e+00 -2.985011e-01 0.000000e+00
1.056986e+00 -9.419514e-01 5.993255e+00 0.000000e+00 0.000000e+00 0.000000e+00 -3.106080e-01 0.000000e+00
-1.095390e-01 3.878852e+00 -6.536451e+00 0.000000e+00 0.000000e+00 0.000000e+00 -2.596091e-01 0.000000e+00
-1.928157e+00 -2.376177e+00 -2.781617e+00 0.000000e+00 0.000000e+00 0.000000e+00 -3.607834e-01 0.000000e+00
2.348965e-01 -4.963474e+00 -5.172864e+00 0.000000e+00 0.000000e+00 0.000000e+00 -2.816678e-01 0.000000e+00
3.420353e+00 2.729039e+00 4.501814e+00 0.000000e+00 0.000000e+00 0.000000e+00 -2.983045e-01 0.000000e+00
2.178747e+00 2.721684e+00 1.686200e+00 0.000000e+00 0.000000e+00 0.000000e+00 -3.543043e-01 0.000000e+00
-5.214780e+00 -3.224483e+00 -4.544952e+00 0.000000e+00 0.000000e+00 0.000000e+00 -2.678864e-01 0.000000e+00
3.087057e+00 -3.393270e+00 -3.442579e+00 0.000000e+00 0.000000e+00 0.000000e+00 -3.186035e-01 0.000000e+00
3.566506e+00 -5.250531e+00 3.943703e+00 0.000000e+00 0.000000e+00 0.000000e+00 -2.709943e-01 0.000000e+00
-3.010356e-01 7.899780e-01 3.287237e+00 0.000000e+00 0.000000e+00 0.000000e+00 -3.866092e-01 0.000000e+00
-1.409566e+00 3.929306e+00 -1.210112e+00 0.000000e+00 0.000000e+00 0.000000e+00 -3.468858e-01 0.000000e+00
-2.740548e+00 -5.117478e+00 2.398363e+00 0.000000e+00 0.000000e+00 0.000000e+00 -3.074498e-01 0.000000e+00
-2.897634e+00 4.778822e+00 -1.988612e-01 0.000000e+00 0.000000e+00 0.000000e+00 -3.184387e-01 0.000000e+00
1.202356e+00 -3.680017e+00 1.206803e+00 0.000000e+00 0.000000e+00 0.000000e+00 -3.540173e-01 0.000000e+00
-5.174319e+00 6.221352e-01 1.948951e+00 0.000000e+00 0.000000e+00 0.000000e+00 -3.440513e-01 0.000000e+00
-4.511916e-01 4.365938e+00 7.279058e-01 0.000000e+00 0.000000e+00 0.000000e+00 -3.394650e-01 0.000000e+00
7.798563e-01 -7.988556e-01 -6.740057e+00 0.000000e+00 0.000000e+00 0.000000e+00 -2.803903e-01 0.000000e+00
-5.027247e+00 -4.949796e+00 -1.214896e+00 0.000000e+00 0.000000e+00 0.000000e+00 -2.866641e-01 0.000000e+00
2.140440e+00 -7.013863e-01 -3.337476e+00 0.000000e+00 0.000000e+00 0.000000e+00 -3.849865e-01 0.000000e+00
-1.617129e+00 -1.954531e+00 -1.787818e+00 0.000000e+00 0.000000e+00 0.000000e+00 -3.832707e-01 0.000000e+00
-1.499798e+00 1.474672e+00 -5.639683e+00 0.000000e+00 0.000000e+00 0.000000e+00 -3.426971e-01 0.000000e+00
5.765088e+00 -3.724168e+00 -2.511165e+00 0.000000e+00 0.000000e+00 0.000000e+00 -2.674477e-01 0.000000e+00
1.388076e+00 6.640661e-01 -1.850925e+00 0.000000e+00 0.000000e+00 0.000000e+00 -3.896766e-01 0.000000e+00
4.731947e+00 -2.028440e-01 1.931153e+00 0.000000e+00 0.000000e+00 0.000000e+00 -3.322063e-01 0.000000e+00
3.540491e+00 1.104421e+00 -2.361631e+00 0.000000e+00 0.000000e+00 0.000000e+00 -3.502849e-01 0.000000e+00
2.337839e+00 4.825459e+00 2.344467e+00 0.000000e+00 0.000000e+00 0.000000e+00 -3.086782e-01 0.000000e+00
-1.456779e+00 -1.381305e+00 -6.631893e+00 0.000000e+00 0.000000e+00 0.000000e+00 -2.844490e-01 0.000000e+00
-3.508863e+00 2.937102e+00 -5.671835e+00 0.000000e+00 0.000000e+00 0.000000e+00 -2.744172e-01 0.000000e+00
4.402841e+00 -2.212879e-01 -3.455914e+00 0.000000e+00 0.000000e+00 0.000000e+00 -3.328400e-01 0.000000e+00
3.227979e+00 -3.578270e+00 3.799542e+00 0.000000e+00 0.000000e+00 0.000000e+00 -3.198441e-01 0.000000e+00
3.263803e+00 2.795234e+00 -1.580526e+00 0.000000e+00 0.000000e+00 0.000000e+00 -3.302152e-01 0.000000e+00
-1.080009e+00 -6.856803e+00 -2.242126e+00 0.000000e+00 0.000000e+00 0.000000e+00 -2.724069e-01 0.000000e+00
-1.816967e+00 -5.377126e+00 -4.716343e+00 0.000000e+00 0.000000e+00 0.000000e+00 -2.889002e-01 0.000000e+00
-4.393013e-01 -3.638906e+00 -1.577973e+00 0.000000e+00 0.000000e+00 0.000000e+00 -3.722241e-01 0.000000e+00
2.866281e+00 -5.704952e+00 -7.429949e-01 0.000000e+00 0.000000e+00 0.000000e+00 -2.945977e-01 0.000000e+00
7.319160e+00 -1.035944e+00 3.975577e-02 0.000000e+00 0.000000e+00 0.000000e+00 -2.695190e-01 0.000000e+00
-8.163283e-01 -5.114228e+00 -2.814064e+00 0.000000e+00 0.000000e+00 0.000000e+00 -3.243808e-01 0.000000e+00
-5.754557e-02 7.644896e-01 1.812217e+00 0.000000e+00 0.000000e+00 0.000000e+00 -4.160579e-01 0.000000e+00
1.954923e+00 -7.677809e-01 2.839023e+00 0.000000e+00 0.000000e+00 0.000000e+00 -3.867173e-01 0.000000e+00
-3.919110e+00 -5.232063e-01 -5.897347e+00 0.000000e+00 0.000000e+00 0.000000e+00 -2.850931e-01 0.000000e+00
2.937422e+00 -3.171268e+00 -5.937300e+00 0.000000e+00 0.000000e+00 0.000000e+00 -2.741976e-01 0.000000e+00
4.789843e+00 1.808438e-01 -3.557487e+00 0.000000e+00 0.000000e+00 0.000000e+00 -3.314761e-01 0.000000e+00
-1.083763e+00 -1.383327e+00 3.070873e+00 0.000000e+00 0.000000e+00 0.000000e+00 -3.669061e-01 0.000000e+00
-6.018421e+00 -2.873642e+00 1.011570e-01 0.000000e+00 0.000000e+00 0.000000e+00 -3.143778e-01 0.000000e+00
4.668411e+00 -3.720153e+00 3.191689e+00 0.000000e+00 0.000000e+00 0.000000e+00 -2.978290e-01 0.000000e+00
2.180458e+00 -5.574773e+00 -3.636330e+00 0.000000e+00 0.000000e+00 0.000000e+00 -2.800924e-01 0.000000e+00
7.023644e-01 -5.941417e+00 5.086947e-01 0.000000e+00 0.000000e+00 0.000000e+00 -3.038657e-01 0.000000e+00
-2.774854e+00 1.655659e+00 -5.278025e+00 0.000000e+00 0.000000e+00 0.000000e+00 -3.153785e-01 0.000000e+00
-3.360206e+00 -1.610559e-01 1.958849e+00 0.000000e+00 0.000000e+00 0.000000e+00 -3.710657e-01 0.000000e+00
3.027492e+00 1.785623e-01 1.885289e+00 0.000000e+00 0.000000e+00 0.000000e+00 -3.676984e-01 0.000000e+00
2.080012e+00 -4.609907e-01 -3.069523e+00 0.000000e+00 0.000000e+00 0.000000e+00 -3.842414e-01 0.000000e+00
3.197925e+00 -2.439823e+00 2.263979e+00 0.000000e+00 0.000000e+00 0.000000e+00 -3.592250e-01 0.000000e+00
-5.404930e+00 -3.217600e+00 -3.813354e+00 0.000000e+00 0.000000e+00 0.000000e+00 -2.742171e-01 0.000000e+00
-2.741005e+00 2.096145e+00 -6.628043e+00 0.000000e+00 0.000000e+00 0.000000e+00 -2.726212e-01 0.000000e+00
-3.011172e+00 9.280083e-01 3.482895e+00 0.000000e+00 0.000000e+00 0.000000e+00 -3.502654e-01 0.000000e+00
-7.175756e+00 4.984755e-01 1.035642e+00 0.000000e+00 0.000000e+00 0.000000e+00 -2.885854e-01 0.000000e+00
2.767302e-01 1.373807e+00 2.178571e+00 0.000000e+00 0.000000e+00 0.000000e+00 -3.956693e-01 0.000000e+00
-1.369414e+00 8.886134e-01 -3.227740e+00 0.000000e+00 0.000000e+00 0.000000e+00 -3.818618e-01 0.000000e+00
-3.616960e+00 -6.848302e-01 5.429301e-01 0.000000e+00 0.000000e+00 0.000000e+00 -3.748420e-01 0.000000e+00
6.638608e+00 1.819147e+00 1.242329e-02 0.000000e+00 0.000000e+00 0.000000e+00 -2.843420e-01 0.000000e+00
-2.385055e+00 8.649384e-02 -7.721664e-01 0.000000e+00 0.000000e+00 0.000000e+00 -3.914052e-01 0.000000e+00
-2.267536e+00 2.523502e+00 5.072092e+00 0.000000e+00 0.000000e+00 0.000000e+00 -3.078917e-01 0.000000e+00
6.537649e-01 -7.726246e-01 1.613128e+00 0.000000e+00 0.000000e+00 0.000000e+00 -3.978945e-01 0.000000e+00
-1.453879e+00 5.668174e+00 -3.574457e+00 0.000000e+00 0.000000e+00 0.000000e+00 -2.769280e-01 0.000000e+00
3.202794e+00 2.375696e+00 2.658856e+00 0.000000e+00 0.000000e+00 0.000000e+00 -3.339825e-01 0.000000e+00
-5.488612e+00 2.513049e+00 1.124931e+00 0.000000e+00 0.000000e+00 0.000000e+00 -3.138855e-01 0.000000e+00
7.460881e-01 -6.342815e+00 3.157347e+00 0.000000e+00 0.000000e+00 0.000000e+00 -2.771019e-01 0.000000e+00
-4.267265e-01 -7.154400e+00 8.858641e-02 0.000000e+00 0.000000e+00 0.000000e+00 -2.689559e-01 0.000000e+00
6.713887e+00 2.622374e+00 1.106540e+00 0.000000e+00 0.000000e+00 0.000000e+00 -2.700715e-01 0.000000e+00
-2.732651e+00 -9.102288e-01 2.512165e+00 0.000000e+00 0.000000e+00 0.000000e+00 -3.660242e-01 0.000000e+00
-4.763479e-02 -1.863690e-01 -2.420095e+00 0.000000e+00 0.000000e+00 0.000000e+00 -4.045022e-01 0.000000e+00
-1.238128e+00 4.658503e+00 1.759368e+00 0.000000e+00 0.000000e+00 0.000000e+00 -3.236251e-01 0.000000e+00
-3.118285e+00 1.376531e+00 -1.733964e+00 0.000000e+00 0.000000e+00 0.000000e+00 -3.731692e-01 0.000000e+00
2.329988e+00 2.620483e+00 -4.519983e+00 0.000000e+00 0.000000e+00 0.000000e+00 -3.092706e-01 0.000000e+00
1.527216e+00 -3.214829e+00 -1.946108e+00 0.000000e+00 0.000000e+00 0.000000e+00 -3.588552e-01 0.000000e+00
4.478790e+00 3.915404e-01 -3.018826e+00 0.000000e+00 0.000000e+00 0.000000e+00 -3.410060e-01 0.000000e+00
4.999721e-01 -6.657465e+00 -1.065450e+00 0.000000e+00 0.000000e+00 0.000000e+00 -2.841593e-01 0.000000e+00
-3.720901e+00 -6.299382e-01 -1.365489e+00 0.000000e+00 0.000000e+00 0.000000e+00 -3.667448e-01 0.000000e+00
-4.264301e+00 4.245153e+00 3.376170e+00 0.000000e+00 0.000000e+00 0.000000e+00 -2.752670e-01 0.000000e+00
-5.405118e-01 -4.746472e+00 -4.113178e+00 0.000000e+00 0.000000e+00 0.000000e+00 -3.089102e-01 0.000000e+00
-1.670549e+00 -3.894884e+00 4.675380e+00 0.000000e+00 0.000000e+00 0.000000e+00 -2.984713e-01 0.000000e+00
-4.231357e+00 6.248271e+00 5.394309e-01 0.000000e+00 0.000000e+00 0.000000e+00 -2.598556e-01 0.000000e+00
5.167663e+00 -2.708297e+00 3.417505e+00 0.000000e+00 0.000000e+00 0.000000e+00 -2.940655e-01 0.000000e+00
-3.380251e+00 5.621289e+00 -1.902287e+00 0.000000e+00 0.000000e+00 0.000000e+00 -2.838479e-01 0.000000e+00
-9.381191e-01 -1.532043e+00 -3.764492e-01 0.000000e+00 0.000000e+00 0.000000e+00 -4.047011e-01 0.000000e+00
-3.646744e+00 2.380713e+00 1.548540e+00 0.000000e+00 0.000000e+00 0.000000e+00 -3.599349e-01 0.000000e+00
1.691316e+00 1.055788e+00 4.823509e-01 0.000000e+00 0.000000e+00 0.000000e+00 -3.914140e-01 0.000000e+00
9.131881e-01 4.373885e+00 -3.247219e+00 0.000000e+00 0.000000e+00 0.000000e+00 -3.109647e-01 0.000000e+00
-4.551082e+00 3.314295e+00 -2.546424e+00 0.000000e+00 0.000000e+00 0.000000e+00 -3.069157e-01 0.000000e+00
1.765099e+00 -6.508040e+00 -1.418095e+00 0.000000e+00 0.000000e+00 0.000000e+00 -2.802148e-01 0.000000e+00
-1.195562e+00 -3.476415e+00 1.006108e+00 0.000000e+00 0.000000e+00 0.000000e+00 -3.570175e-01 0.000000e+00
-1.821113e-01 -1.735577e+00 -1.543803e+00 0.000000e+00 0.000000e+00 0.000000e+00 -4.001475e-01 0.000000e+00
6.678918e-01 3.125085e+00 -2.795432e+00 0.000000e+00 0.000000e+00 0.000000e+00 -3.446039e-01 0.000000e+00
-6.753125e+00 -1.228774e+00 -2.769858e+00 0.000000e+00 0.000000e+00 0.000000e+00 -2.745633e-01 0.000000e+00
-2.001023e+00 7.386615e-01 -3.324990e+00 0.000000e+00 0.000000e+00 0.000000e+00 -3.826471e-01 0.000000e+00
-6.765076e+00 -1.525137e+00 2.067209e+00 0.000000e+00 0.000000e+00 0.000000e+00 -2.906450e-01 0.000000e+00
5.109184e+00 -9.828421e-01 -1.752274e+00 0.000000e+00 0.000000e+00 0.000000e+00 -3.178590e-01 0.000000e+00
-3.695544e-01 -1.555153e+00 -3.479642e+00 0.000000e+00 0.000000e+00 0.000000e+00 -3.729974e-01 0.000000e+00
-1.378382e-01 2.644627e+00 6.720262e+00 0.000000e+00 0.000000e+00 0.000000e+00 -2.625764e-01 0.000000e+00
-2.516710e+00 -6.113983e+00 2.694555e+00 0.000000e+00 0.000000e+00 0.000000e+00 -2.796847e-01 0.000000e+00
-6.578078e+00 -1.025329e+00 1.123158e+00 0.000000e+00 0.000000e+00 0.000000e+00 -3.109754e-01 0.000000e+00
-4.132353e+00 1.053988e+00 2.592878e+00 0.000000e+00 0.000000e+00 0.000000e+00 -3.719738e-01 0.000000e+00
-8.222590e-01 1.838683e+00 -3.521875e+00 0.000000e+00 0.000000e+00 0.000000e+00 -3.600404e-01 0.000000e+00
-6.324215e+00 1.098784e+00 -3.916319e+00 0.000000e+00 0.000000e+00 0.000000e+00 -2.760945e-01 0.000000e+00
-1.812864e+00 3.269313e+00 -2.034970e+00 0.000000e+00 0.000000e+00 0.000000e+00 -3.542676e-01 0.000000e+00
2.886655e+00 -2.927702e+00 4.361133e+00 0.000000e+00 0.000000e+00 0.000000e+00 -3.220506e-01 0.000000e+00
6.236318e-01 2.942233e+00 1.957780e+00 0.000000e+00 0.000000e+00 0.000000e+00 -3.670572e-01 0.000000e+00
9.318930e-01 3.426837e+00 -2.266654e+00 0.000000e+00 0.000000e+00 0.000000e+00 -3.436210e-01 0.000000e+00
-2.731810e-01 2.886130e+00 2.225822e+00 0.000000e+00 0.000000e+00 0.000000e+00 -3.804657e-01 0.000000e+00
-1.549679e-01 2.985239e+00 3.486030e+00 0.000000e+00 0.000000e+00 0.000000e+00 -3.434609e-01 0.000000e+00
-3.490812e+00 -5.909239e+00 1.784765e+00 0.000000e+00 0.000000e+00 0.000000e+00 -2.850307e-01 0.000000e+00
-2.644291e+00 3.841359e+00 1.260104e+00 0.000000e+00 0.000000e+00 0.000000e+00 -3.370633e-01 0.000000e+00
4.361576e+00 1.003046e+00 3.481365e+00 0.000000e+00 0.000000e+00 0.000000e+00 -3.260024e-01 0.000000e+00
-5.618831e+00 2.290109e+00 3.623199e+00 0.000000e+00 0.000000e+00 0.000000e+00 -2.803905e-01 0.000000e+00
-5.001549e+00 6.211519e-01 2.412785e+00 0.000000e+00 0.000000e+00 0.000000e+00 -3.430960e-01 0.000000e+00
7.185357e+00 1.285161e+00 -1.221243e+00 0.000000e+00 0.000000e+00 0.000000e+00 -2.774428e-01 0.000000e+00
-3.954939e+00 -3.371560e+00 4.669292e+00 0.000000e+00 0.000000e+00 0.000000e+00 -2.828540e-01 0.000000e+00
-3.073177e+00 -2.433281e+00 4.100862e+00 0.000000e+00 0.000000e+00 0.000000e+00 -3.190787e-01 0.000000e+00
2.768404e-01 3.554814e+00 6.136446e-01 0.000000e+00 0.000000e+00 0.000000e+00 -3.579518e-01 0.000000e+00
-4.925527e+00 2.956566e-01 4.704168e+00 0.000000e+00 0.000000e+00 0.000000e+00 -2.998654e-01 0.000000e+00
1.796447e+00 1.387171e+00 9.496602e-01 0.000000e+00 0.000000e+00 0.000000e+00 -3.856247e-01 0.000000e+00
-3.956046e+00 1.956780e+00 2.315537e+00 0.000000e+00 0.000000e+00 0.000000e+00 -3.503351e-01 0.000000e+00
-2.197699e+00 3.676912e+00 -1.716516e+00 0.000000e+00 0.000000e+00 0.000000e+00 -3.486727e-01 0.000000e+00
-2.439554e+00 -1.955735e+00 5.034447e-01 0.000000e+00 0.000000e+00 0.000000e+00 -3.755377e-01 0.000000e+00
-3.708308e+00 4.841101e-01 -3.451723e+00 0.000000e+00 0.000000e+00 0.000000e+00 -3.487352e-01 0.000000e+00
-2.203193e-01 -3.345074e-01 3.448275e+00 0.000000e+00 0.000000e+00 0.000000e+00 -3.767964e-01 0.000000e+00
2.103368e+00 7.072645e-01 -7.153097e+00 0.000000e+00 0.000000e+00 0.000000e+00 -2.607453e-01 0.000000e+00
5.260135e+00 2.209665e+00 2.675753e+00 0.000000e+00 0.000000e+00 0.000000e+00 -2.979859e-01 0.000000e+00
-1.086201e+00 6.689317e-01 5.777880e+00 0.000000e+00 0.000000e+00 0.000000e+00 -3.077702e-01 0.000000e+00
-1.790806e+00 -5.483880e+00 2.328365e+00 0.000000e+00 0.000000e+00 0.000000e+00 -3.046539e-01 0.000000e+00
-5.722286e+00 -2.962183e+00 5.474014e-01 0.000000e+00 0.000000e+00 0.000000e+00 -3.218248e-01 0.000000e+00
-2.013385e+00 2.097252e+00 3.817761e+00 0.000000e+00 0.000000e+00 0.000000e+00 -3.446861e-01 0.000000e+00
-4.280526e+00 2.627106e+00 7.121663e-01 0.000000e+00 0.000000e+00 0.000000e+00 -3.518326e-01 0.000000e+00
2.142503e+00 -3.777365e+00 -2.276322e+00 0.000000e+00 0.000000e+00 0.000000e+00 -3.370752e-01 0.000000e+00
-1.818450e+00 7.637225e-02 -3.182947e+00 0.000000e+00 0.000000e+00 0.000000e+00 -3.802754e-01 0.000000e+00
7.062062e-01 6.586937e+00 1.602113e+00 0.000000e+00 0.000000e+00 0.000000e+00 -2.753883e-01 0.000000e+00
-1.710571e-01 3.067647e+00 2.342966e+00 0.000000e+00 0.000000e+00 0.000000e+00 -3.757940e-01 0.000000e+00
-2.714213e+00 1.846723e+00 2.573099e+00 0.000000e+00 0.000000e+00 0.000000e+00 -3.627978e-01 0.000000e+00
-2.040242e+00 7.631780e-01 9.001449e-01 0.000000e+00 0.000000e+00 0.000000e+00 -3.942072e-01 0.000000e+00
-7.165484e+00 -1.980505e+00 1.198201e-01 0.000000e+00 0.000000e+00 0.000000e+00 -2.822584e-01 0.000000e+00
-4.583402e+00 1.854441e+00 5.249439e+00 0.000000e+00 0.000000e+00 0.000000e+00 -2.762461e-01 0.000000e+00
-2.501694e+00 -4.291356e+00 5.536668e+00 0.000000e+00 0.000000e+00 0.000000e+00 -2.657506e-01 0.000000e+00
1.385708e+00 3.296901e+00 -6.533492e+00 0.000000e+00 0.000000e+00 0.000000e+00 -2.618307e-01 0.000000e+00
-1.475288e+00 3.702026e+00 -3.133318e+00 0.000000e+00 0.000000e+00 0.000000e+00 -3.266346e-01 0.000000e+00
6.270246e+00 -5.673969e-02 -3.651314e+00 0.000000e+00 0.000000e+00 0.000000e+00 -2.763494e-01 0.000000e+00
-6.117212e+00 3.000497e+00 -5.778080e-01 0.000000e+00 0.000000e+00 0.000000e+00 -2.907066e-01 0.000000e+00
-4.908217e+00 -9.948610e-03 -2.134334e+00 0.000000e+00 0.000000e+00 0.000000e+00 -3.378692e-01 0.000000e+00
4.132941e+00 2.340236e-01 3.597540e+00 0.000000e+00 0.000000e+00 0.000000e+00 -3.362229e-01 0.000000e+00
4.143292e+00 -4.045425e+00 -2.939140e+00 0.000000e+00 0.000000e+00 0.000000e+00 -2.926398e-01 0.000000e+00
3.306327e-01 -3.652101e+00 -2.501999e+00 0.000000e+00 0.000000e+00 0.000000e+00 -3.580653e-01 0.000000e+00
-2.996155e+00 3.048523e+00 1.392652e+00 0.000000e+00 0.000000e+00 0.000000e+00 -3.529314e-01 0.000000e+00
-2.657742e+00 1.271761e+00 -3.712361e-01 0.000000e+00 0.000000e+00 0.000000e+00 -3.826363e-01 0.000000e+00
3.336037e+00 -3.549927e+00 1.715750e+00 0.000000e+00 0.000000e+00 0.000000e+00 -3.328991e-01 0.000000e+00
2.988298e+00 2.475183e+00 6.424589e+00 0.000000e+00 0.000000e+00 0.000000e+00 -2.609632e-01 0.000000e+00
-4.705701e+00 2.985677e+00 -3.898543e+00 0.000000e+00 0.000000e+00 0.000000e+00 -2.882202e-01 0.000000e+00
-1.275190e+00 5.852508e+00 -2.724513e+00 0.000000e+00 0.000000e+00 0.000000e+00 -2.847929e-01 0.000000e+00
-6.540136e+00 -2.027787e+00 1.213776e+00 0.000000e+00 0.000000e+00 0.000000e+00 -3.025998e-01 0.000000e+00
2.543649e+00 1.176481e+00 6.295573e+00 0.000000e+00 0.000000e+00 0.000000e+00 -2.834450e-01 0.000000e+00
1.096178e+00 6.205760e-01 3.410570e+00 0.000000e+00 0.000000e+00 0.000000e+00 -3.725204e-01 0.000000e+00
4.641371e+00 2.971805e+00 -6.658810e-01 0.000000e+00 0.000000e+00 0.000000e+00 -3.112031e-01 0.000000e+00
-5.949945e-01 -2.382857e+00 4.443231e+00 0.000000e+00 0.000000e+00 0.000000e+00 -3.261538e-01 0.000000e+00
1.661239e+00 -6.338148e-01 -1.523347e+00 0.000000e+00 0.000000e+00 0.000000e+00 -3.950673e-01 0.000000e+00
-2.374996e+00 2.015895e+00 6.100748e+00 0.000000e+00 0.000000e+00 0.000000e+00 -3.055401e-01 0.000000e+00
-6.595784e+00 1.632732e+00 -2.350446e+00 0.000000e+00 0.000000e+00 0.000000e+00 -2.813711e-01 0.000000e+00
-3.658919e+00 -2.191358e+00 5.316567e+00 0.000000e+00 0.000000e+00 0.000000e+00 -2.875649e-01 0.000000e+00
3.598502e+00 -1.987807e+00 5.130243e+00 0.000000e+00 0.000000e+00 0.000000e+00 -3.234865e-01 0.000000e+00
-2.233024e+00 2.774800e+00 -6.131089e+00 0.000000e+00 0.000000e+00 0.000000e+00 -2.831049e-01 0.000000e+00
-4.877866e+00 -4.930514e+00 -5.990743e-01 0.000000e+00 0.000000e+00 0.000000e+00 -2.915228e-01 0.000000e+00
-1.598750e+00 5.785765e+00 1.521233e+00 0.000000e+00 0.000000e+00 0.000000e+00 -2.922824e-01 0.000000e+00
1.294498e+00 -4.163870e+00 1.879377e+00 0.000000e+00 0.000000e+00 0.000000e+00 -3.390695e-01 0.000000e+00
1.808627e+00 5.957760e+00 9.833665e-01 0.000000e+00 0.000000e+00 0.000000e+00 -2.936777e-01 0.000000e+00
1.117025e+00 -8.034380e-01 5.654789e+00 0.000000e+00 0.000000e+00 0.000000e+00 -3.209999e-01 0.000000e+00
-9.991607e-01 7.095054e-01 -5.864980e+00 0.000000e+00 0.000000e+00 0.000000e+00 -3.554826e-01 0.000000e+00
-2.481706e+00 -7.354783e-01 -5.390500e+00 0.000000e+00 0.000000e+00 0.000000e+00 -3.190465e-01 0.000000e+00
-5.878001e-01 -4.576000e+00 -2.879337e+00 0.000000e+00 0.000000e+00 0.000000e+00 -3.404111e-01 0.000000e+00
2.084781e+00 -5.086118e-01 -3.473130e+00 0.000000e+00 0.000000e+00 0.000000e+00 -3.818828e-01 0.000000e+00
1.902459e+00 3.669699e+00 1.589071e+00 0.000000e+00 0.000000e+00 0.000000e+00 -3.426872e-01 0.000000e+00
-2.527847e-02 -4.189431e+00 -6.328541e+00 0.000000e+00 0.000000e+00 0.000000e+00 -2.646402e-01 0.000000e+00
-2.322485e+00 5.087062e+00 2.550796e+00 0.000000e+00 0.000000e+00 0.000000e+00 -2.952169e-01 0.000000e+00
1.786337e+00 -1.340224e+00 3.364238e+00 0.000000e+00 0.000000e+00 0.000000e+00 -3.698800e-01 0.000000e+00
-1.676142e+00 -4.962453e+00 4.576409e+00 0.000000e+00 0.000000e+00 0.000000e+00 -2.842505e-01 0.000000e+00
5.289901e+00 -2.376138e-01 4.655084e+00 0.000000e+00 0.000000e+00 0.000000e+00 -2.862557e-01 0.000000e+00
-2.257649e+00 -3.948507e+00 1.591367e+00 0.000000e+00 0.000000e+00 0.000000e+00 -3.586461e-01 0.000000e+00
3.516596e+00 4.192408e+00 9.167519e-01 0.000000e+00 0.000000e+00 0.000000e+00 -3.081055e-01 0.000000e+00
1.464885e-01 2.908423e-01 6.450786e+00 0.000000e+00 0.000000e+00 0.000000e+00 -2.898782e-01 0.000000e+00
4.791125e-02 -1.168906e+00 6.417713e+00 0.000000e+00 0.000000e+00 0.000000e+00 -2.880979e-01 0.000000e+00
3.383146e+00 2.448293e+00 -6.000634e+00 0.000000e+00 0.000000e+00 0.000000e+00 -2.681741e-01 0.000000e+00
-4.335576e+00 -1.621392e+00 5.782858e-01 0.000000e+00 0.000000e+00 0.000000e+00 -3.552239e-01 0.000000e+00
-4.656831e+00 -1.721873e+00 4.049459e+00 0.000000e+00 0.000000e+00 0.000000e+00 -3.083319e-01 0.000000e+00
-6.095823e-01 -6.754220e+00 -3.080820e+00 0.000000e+00 0.000000e+00 0.000000e+00 -2.694975e-01 0.000000e+00
-3.026832e+00 5.054852e-01 -2.881839e+00 0.000000e+00 0.000000e+00 0.000000e+00 -3.683982e-01 0.000000e+00
-5.633496e-01 -5.711679e+00 4.978585e+00 0.000000e+00 0.000000e+00 0.000000e+00 -2.602587e-01 0.000000e+00
3.535542e+00 1.052430e+00 -5.824610e+00 0.000000e+00 0.000000e+00 0.000000e+00 -2.816597e-01 0.000000e+00
-1.649520e+00 -4.097296e-01 2.692436e+00 0.000000e+00 0.000000e+00 0.000000e+00 -3.794013e-01 0.000000e+00
2.108387e-01 2.682102e+00 4.430227e+00 0.000000e+00 0.000000e+00 0.000000e+00 -3.254466e-01 0.000000e+00
-2.127300e-02 -1.597524e-01 4.857872e+00 0.000000e+00 0.000000e+00 0.000000e+00 -3.378550e-01 0.000000e+00
-4.061577e+00 4.053640e-01 -4.571797e+00 0.000000e+00 0.000000e+00 0.000000e+00 -3.172360e-01 0.000000e+00
3.678762e+00 -3.721665e-02 3.663941e+00 0.000000e+00 0.000000e+00 0.000000e+00 -3.438750e-01 0.000000e+00
-4.566084e+00 2.456850e+00 1.016689e+00 0.000000e+00 0.000000e+00 0.000000e+00 -3.470486e-01 0.000000e+00
-7.040903e+00 1.920358e+00 -4.403751e-01 0.000000e+00 0.000000e+00 0.000000e+00 -2.784243e-01 0.000000e+00
-2.660246e+00 -9.021493e-01 7.901275e-01 0.000000e+00 0.000000e+00 0.000000e+00 -3.852924e-01 0.000000e+00
-4.736511e+00 9.236335e-01 -3.412016e+00 0.000000e+00 0.000000e+00 0.000000e+00 -3.296281e-01 0.000000e+00
5.493556e+00 3.499159e+00 3.294188e+00 0.000000e+00 0.000000e+00 0.000000e+00 -2.642513e-01 0.000000e+00
1.903204e+00 3.855974e+00 2.677533e+00 0.000000e+00 0.000000e+00 0.000000e+00 -3.286171e-01 0.000000e+00
-3.060193e-01 4.092252e-01 1.244416e+00 0.000000e+00 0.000000e+00 0.000000e+00 -4.144164e-01 0.000000e+00
-1.901525e-02 6.475526e+00 -3.444741e+00 0.000000e+00 0.000000e+00 0.000000e+00 -2.671298e-01 0.000000e+00
2.661008e+00 1.703925e+00 4.194964e+00 0.000000e+00 0.000000e+00 0.000000e+00 -3.297515e-01 0.000000e+00
1.833968e+00 -5.046468e+00 2.673757e+00 0.000000e+00 0.000000e+00 0.000000e+00 -3.077502e-01 0.000000e+00
-4.169938e-01 6.078513e+00 -2.423911e-01 0.000000e+00 0.000000e+00 0.000000e+00 -2.927855e-01 0.000000e+00
2.894905e+00 -8.014579e-01 8.735856e-01 0.000000e+00 0.000000e+00 0.000000e+00 -3.742896e-01 0.000000e+00
-3.472883e+00 -2.919719e+00 -6.254156e-01 0.000000e+00 0.000000e+00 0.000000e+00 -3.464582e-01 0.000000e+00
7.298470e+00 8.841191e-01 -9.523480e-01 0.000000e+00 0.000000e+00 0.000000e+00 -2.781566e-01 0.000000e+00
-4.157028e+00 -2.112267e+00 -1.460392e+00 0.000000e+00 0.000000e+00 0.000000e+00 -3.447607e-01 0.000000e+00
-5.057440e-01 1.523396e+00 2.052098e+00 0.000000e+00 0.000000e+00 0.000000e+00 -3.969074e-01 0.000000e+00
1.805278e+00 -2.620129e+00 -6.103099e+00 0.000000e+00 0.000000e+00 0.000000e+00 -2.850636e-01 0.000000e+00
2.559617e+00 2.931925e-01 -2.402929e+00 0.000000e+00 0.000000e+00 0.000000e+00 -3.719135e-01 0.000000e+00
-4.363740e+00 5.033834e+00 7.931611e-01 0.000000e+00 0.000000e+00 0.000000e+00 -2.846039e-01 0.000000e+00
-2.899924e+00 6.554052e+00 2.547586e-01 0.000000e+00 0.000000e+00 0.000000e+00 -2.684822e-01 0.000000e+00
1.145751e+00 -4.331609e+00 4.234601e+00 0.000000e+00 0.000000e+00 0.000000e+00 -3.045604e-01 0.000000e+00
-6.393148e+00 -2.605307e+00 -1.348874e+00 0.000000e+00 0.000000e+00 0.000000e+00 -2.876371e-01 0.000000e+00
2.876111e+00 -1.650576e+00 1.170688e+00 0.000000e+00 0.000000e+00 0.000000e+00 -3.693072e-01 0.000000e+00
9.555863e-01 -1.711478e+00 -4.103140e-01 0.000000e+00 0.000000e+00 0.000000e+00 -3.959059e-01 0.000000e+00
6.954385e-01 4.202493e+00 2.100599e+00 0.000000e+00 0.000000e+00 0.000000e+00 -3.358932e-01 0.000000e+00
-8.106606e-01 -1.021696e+00 -7.480011e+00 0.000000e+00 0.000000e+00 0.000000e+00 -2.624743e-01 0.000000e+00
2.467149e+00 1.705881e+00 -5.494830e+00 0.000000e+00 0.000000e+00 0.000000e+00 -2.995329e-01 0.000000e+00
-2.376979e+00 -4.150157e+00 -3.847150e+00 0.000000e+00 0.000000e+00 0.000000e+00 -3.094751e-01 0.000000e+00
1.030478e-01 2.193320e-01 3.005275e+00 0.000000e+00 0.000000e+00 0.000000e+00 -3.911918e-01 0.000000e+00
